0.000000  0.0000000000e+00
0.062500  1.9849898842e+02
0.125000  2.0285666342e+02
0.187500  2.0621434885e+02
0.250000  2.0418274800e+02
0.312500  1.9285880893e+02
0.375000  1.7000584569e+02
0.437500  1.3659326882e+02
0.500000  9.6018080000e+01
0.562500  5.3667143321e+01
0.625000  1.5277873654e+01
0.687500  -1.5373092774e+01
0.750000  -3.6309443380e+01
0.812500  -4.7827427442e+01
0.875000  -5.1526947372e+01
0.937500  -5.0165705636e+01
1.000000  -4.5771047200e+01
1.062500  -4.0037014325e+01
1.125000  -3.4055773713e+01
1.187500  -2.8525257920e+01
1.250000  -2.3682054150e+01
1.312500  -1.9591014642e+01
1.375000  -1.6209713520e+01
1.437500  -1.3437674321e+01
1.500000  -1.1174557800e+01
1.562500  -9.3270313426e+00
1.625000  -7.8159661594e+00
1.687500  -6.5705888214e+00
1.750000  -5.5412557200e+00
1.812500  -4.6858887186e+00
1.875000  -3.9741104853e+00
1.937500  -3.3775295486e+00
2.000000  -2.8765772000e+00
2.062500  -2.4549266636e+00
2.125000  -2.0996636684e+00
2.187500  -1.7990298615e+00
2.250000  -1.5443245440e+00
2.312500  -1.3282654120e+00
2.375000  -1.1448087363e+00
2.437500  -9.8848151483e-01
2.500000  -8.5515515500e-01
2.562500  -7.4124612256e-01
2.625000  -6.4387593275e-01
2.687500  -5.6030356797e-01
2.750000  -4.8853572600e-01
2.812500  -4.2678226834e-01
2.875000  -3.7358670337e-01
2.937500  -3.2759645008e-01
3.000000  -2.8779328900e-01
3.062500  -2.5328048567e-01
3.125000  -2.2332900037e-01
3.187500  -1.9722527095e-01
3.250000  -1.7447172800e-01
3.312500  -1.5458074022e-01
3.375000  -1.3719571572e-01
3.437500  -1.2193260513e-01
3.500000  -1.0853564520e-01
3.562500  -9.6736882789e-02
3.625000  -8.6349205102e-02
3.687500  -7.7171971538e-02
3.750000  -6.9061077100e-02
3.812500  -6.1873837435e-02
3.875000  -5.5505173340e-02
3.937500  -4.9845268851e-02
4.000000  -4.4811208260e-02
4.062500  -4.0328527662e-02
4.125000  -3.6333464400e-02
4.187500  -3.2763965928e-02
4.250000  -2.9573001120e-02
4.312500  -2.6716874666e-02
4.375000  -2.4159590442e-02
4.437500  -2.1864178406e-02
4.500000  -1.9803581710e-02
4.562500  -1.7950687177e-02
4.625000  -1.6284472826e-02
4.687500  -1.4782997015e-02
4.750000  -1.3429928260e-02
4.812500  -1.2208479598e-02
4.875000  -1.1106206991e-02
4.937500  -1.0110062342e-02
5.000000  -9.2082415200e-03
5.062500  -8.3924894178e-03
5.125000  -7.6538140819e-03
5.187500  -6.9833507775e-03
5.250000  -6.3756720400e-03
5.312500  -5.8237093704e-03
5.375000  -5.3222021897e-03
5.437500  -4.8663532750e-03
5.500000  -4.4519586750e-03
5.562500  -4.0745687189e-03
5.625000  -3.7310013119e-03
5.687500  -3.4178574487e-03
5.750000  -3.1323563560e-03
5.812500  -2.8719122088e-03
5.875000  -2.6342391832e-03
5.937500  -2.4171703764e-03
6.000000  -2.2188446070e-03
6.062500  -2.0375402033e-03
6.125000  -1.8718514975e-03
6.187500  -1.7201370659e-03
6.250000  -1.5813219470e-03
6.312500  -1.4541690477e-03
6.375000  -1.3377453013e-03
6.437500  -1.2309927203e-03
6.500000  -1.1331657960e-03
6.562500  -1.0433859596e-03
6.625000  -9.6102933506e-04
6.687500  -8.8541519892e-04
6.750000  -8.1598705300e-04
6.812500  -7.5224053829e-04
6.875000  -6.9364989039e-04
6.937500  -6.3978499150e-04
7.000000  -5.9028928700e-04
7.062500  -5.4472168342e-04
7.125000  -5.0282098016e-04
7.187500  -4.6422718377e-04
7.250000  -4.2873635000e-04
7.312500  -3.9604722609e-04
7.375000  -3.6590123559e-04
7.437500  -3.3815382656e-04
7.500000  -3.1258095000e-04
7.562500  -2.8897696575e-04
7.625000  -2.6724049097e-04
7.687500  -2.4718351139e-04
7.750000  -2.2866878200e-04
7.812500  -2.1158342638e-04
7.875000  -1.9581002376e-04
7.937500  -1.8125594226e-04
8.000000  -1.6780640500e-04
8.062500  -1.5538769134e-04
8.125000  -1.4391406648e-04
8.187500  -1.3330839136e-04
8.250000  -1.2350727850e-04
8.312500  -1.1444119996e-04
8.375000  -1.0606501400e-04
8.437500  -9.8310731887e-05
8.500000  -9.1139538100e-05
8.562500  -8.4505936702e-05
8.625000  -7.8369378469e-05
8.687500  -7.2687676197e-05
8.750000  -6.7424702400e-05
8.812500  -6.2555323806e-05
8.875000  -5.8044638431e-05
8.937500  -5.3866866446e-05
9.000000  -4.9996611700e-05
9.062500  -4.6409100634e-05
9.125000  -4.3087671087e-05
9.187500  -4.0004968358e-05
9.250000  -3.7150372800e-05
9.312500  -3.4505152089e-05
9.375000  -3.2048680163e-05
9.437500  -2.9772577350e-05
9.500000  -2.7659735800e-05
9.562500  -2.5702699966e-05
9.625000  -2.3885305019e-05
9.687500  -2.2197218432e-05
9.750000  -2.0632036950e-05
9.812500  -1.9178873299e-05
9.875000  -1.7830781900e-05
9.937500  -1.6578717400e-05
10.000000  -1.5415416980e-05
10.062500  -1.4335836330e-05
10.125000  -1.3333025655e-05
10.187500  -1.2401449394e-05
10.250000  -1.1535587440e-05
10.312500  -1.0731793637e-05
10.375000  -9.9846343806e-06
10.437500  -9.2904891400e-06
10.500000  -8.6451299000e-06
10.562500  -8.0455997121e-06
10.625000  -7.4879561621e-06
10.687500  -6.9696767722e-06
10.750000  -6.4876519680e-06
10.812500  -6.0395205991e-06
10.875000  -5.6227866728e-06
10.937500  -5.2351180017e-06
11.000000  -4.8745366820e-06
11.062500  -4.5391081539e-06
11.125000  -4.2270733406e-06
11.187500  -3.9367443707e-06
11.250000  -3.6665461110e-06
11.312500  -3.4151765855e-06
11.375000  -3.1812492133e-06
11.437500  -2.9635188301e-06
11.500000  -2.7608130300e-06
11.562500  -2.5720659910e-06
11.625000  -2.3964476339e-06
11.687500  -2.2328799967e-06
11.750000  -2.0806246730e-06
11.812500  -1.9388575044e-06
11.875000  -1.8068064406e-06
11.937500  -1.6838387955e-06
12.000000  -1.5693046296e-06
12.062500  -1.4627020968e-06
12.125000  -1.3634142560e-06
12.187500  -1.2709335855e-06
12.250000  -1.1847882134e-06
12.312500  -1.1045393793e-06
12.375000  -1.0297790790e-06
12.437500  -9.6012787982e-07
12.500000  -8.9523289302e-07
12.562500  -8.3476589233e-07
12.625000  -7.7842156783e-07
12.687500  -7.2591590523e-07
12.750000  -6.7698468141e-07
12.812500  -6.3138206773e-07
12.875000  -5.8887933330e-07
12.937500  -5.4926364101e-07
13.000000  -5.1233692937e-07
13.062500  -4.7791487423e-07
13.125000  -4.4582592438e-07
13.187500  -4.1591040573e-07
13.250000  -3.8801968926e-07
13.312500  -3.6201541789e-07
13.375000  -3.3776878831e-07
13.437500  -3.1515988357e-07
13.500000  -2.9407705294e-07
13.562500  -2.7441633559e-07
13.625000  -2.5608092495e-07
13.687500  -2.3898067085e-07
13.750000  -2.2303161673e-07
13.812500  -2.0815556944e-07
13.875000  -1.9427969925e-07
13.937500  -1.8133616797e-07
14.000000  -1.6926178320e-07
14.062500  -1.5799767675e-07
14.125000  -1.4748900559e-07
14.187500  -1.3768467381e-07
14.250000  -1.2853707386e-07
14.312500  -1.2000184601e-07
14.375000  -1.1203765446e-07
14.437500  -1.0460597916e-07
14.500000  -9.7670922048e-08
14.562500  -9.1199026808e-08
14.625000  -8.5159111143e-08
14.687500  -7.9522110692e-08
14.750000  -7.4260933780e-08
14.812500  -6.9350326234e-08
14.875000  -6.4766745561e-08
14.937500  -6.0488243832e-08
15.000000  -5.6494358663e-08
15.062500  -5.2766011730e-08
15.125000  -4.9285414279e-08
15.187500  -4.6035979164e-08
15.250000  -4.3002238935e-08
15.312500  -4.0169769575e-08
15.375000  -3.7525119472e-08
15.437500  -3.5055743289e-08
15.500000  -3.2749940355e-08
15.562500  -3.0596797305e-08
15.625000  -2.8586134640e-08
15.687500  -2.6708456949e-08
15.750000  -2.4954906550e-08
15.812500  -2.3317220288e-08
15.875000  -2.1787689297e-08
15.937500  -2.0359121509e-08
16.000000  -1.9024806716e-08
16.062500  -1.7778484023e-08
16.125000  -1.6614311514e-08
16.187500  -1.5526837989e-08
16.250000  -1.4510976618e-08
16.312500  -1.3561980393e-08
16.375000  -1.2675419248e-08
16.437500  -1.1847158725e-08
16.500000  -1.1073340103e-08
16.562500  -1.0350361858e-08
16.625000  -9.6748623906e-09
16.687500  -9.0437039221e-09
16.750000  -8.4539574767e-09
16.812500  -7.9028888827e-09
16.875000  -7.3879457195e-09
16.937500  -6.9067451455e-09
17.000000  -6.4570625489e-09
17.062500  -6.0368209634e-09
17.125000  -5.6440811975e-09
17.187500  -5.2770326301e-09
17.250000  -4.9339846239e-09
17.312500  -4.6133585189e-09
17.375000  -4.3136801626e-09
17.437500  -4.0335729431e-09
17.500000  -3.7717512904e-09
17.562500  -3.5270146133e-09
17.625000  -3.2982416440e-09
17.687500  -3.0843851608e-09
17.750000  -2.8844670654e-09
17.812500  -2.6975737898e-09
17.875000  -2.5228520099e-09
17.937500  -2.3595046470e-09
18.000000  -2.2067871355e-09
18.062500  -2.0640039409e-09
18.125000  -1.9305053099e-09
18.187500  -1.8056842374e-09
18.250000  -1.6889736363e-09
18.312500  -1.5798436954e-09
18.375000  -1.4777994135e-09
18.437500  -1.3823782985e-09
18.500000  -1.2931482183e-09
18.562500  -1.2097053960e-09
18.625000  -1.1316725376e-09
18.687500  -1.0586970844e-09
18.750000  -9.9044958158e-10
18.812500  -9.2662215498e-10
18.875000  -8.6692708892e-10
18.937500  -8.1109549847e-10
19.000000  -7.5887608967e-10
19.062500  -7.1003400195e-10
19.125000  -6.6434972710e-10
19.187500  -6.2161809998e-10
19.250000  -5.8164735580e-10
19.312500  -5.4425824994e-10
19.375000  -5.0928323581e-10
19.437500  -4.7656569707e-10
19.500000  -4.4595923056e-10
19.562500  -4.1732697660e-10
19.625000  -3.9054099336e-10
19.687500  -3.6548167258e-10
19.750000  -3.4203719382e-10
19.812500  -3.2010301454e-10
19.875000  -2.9958139391e-10
19.937500  -2.8038094787e-10
20.000000  -2.6241623349e-10
20.062500  -2.4560736065e-10
20.125000  -2.2987962931e-10
20.187500  -2.1516319048e-10
20.250000  -2.0139272965e-10
20.312500  -1.8850717079e-10
20.375000  -1.7644939995e-10
20.437500  -1.6516600687e-10
20.500000  -1.5460704362e-10
20.562500  -1.4472579898e-10
20.625000  -1.3547858767e-10
20.687500  -1.2682455332e-10
20.750000  -1.1872548439e-10
20.812500  -1.1114564209e-10
20.875000  -1.0405159961e-10
20.937500  -9.7412091779e-11
21.000000  -9.1197874624e-11
21.062500  -8.5381594071e-11
21.125000  -7.9937663222e-11
21.187500  -7.4842147640e-11
21.250000  -7.0072658125e-11
21.312500  -6.5608250483e-11
21.375000  -6.1429331821e-11
21.437500  -5.7517572962e-11
21.500000  -5.3855826552e-11
21.562500  -5.0428050516e-11
21.625000  -4.7219236477e-11
21.687500  -4.4215342855e-11
21.750000  -4.1403232298e-11
21.812500  -3.8770613194e-11
21.875000  -3.6305984981e-11
21.937500  -3.3998587010e-11
22.000000  -3.1838350731e-11
22.062500  -2.9815854979e-11
22.125000  -2.7922284173e-11
22.187500  -2.6149389214e-11
22.250000  -2.4489450928e-11
22.312500  -2.2935245877e-11
22.375000  -2.1480014386e-11
22.437500  -2.0117430638e-11
22.500000  -1.8841574715e-11
22.562500  -1.7646906440e-11
22.625000  -1.6528240916e-11
22.687500  -1.5480725649e-11
22.750000  -1.4499819149e-11
22.812500  -1.3581270915e-11
22.875000  -1.2721102712e-11
22.937500  -1.1915591064e-11
23.000000  -1.1161250870e-11
23.062500  -1.0454820084e-11
23.125000  -9.7932453780e-12
23.187500  -9.1736687400e-12
23.250000  -8.5934149255e-12
23.312500  -8.0499797257e-12
23.375000  -7.5410189892e-12
23.437500  -7.0643383520e-12
23.500000  -6.6178836294e-12
23.562500  -6.1997318262e-12
23.625000  -5.8080827263e-12
23.687500  -5.4412510236e-12
23.750000  -5.0976589592e-12
23.812500  -4.7758294321e-12
23.875000  -4.4743795540e-12
23.937500  -4.1920146166e-12
24.000000  -3.9275224490e-12
24.062500  -3.6797681357e-12
24.125000  -3.4476890749e-12
24.187500  -3.2302903541e-12
24.250000  -3.0266404225e-12
24.312500  -2.8358670408e-12
24.375000  -2.6571534917e-12
24.437500  -2.4897350326e-12
24.500000  -2.3328955762e-12
24.562500  -2.1859645842e-12
24.625000  -2.0483141594e-12
24.687500  -1.9193563249e-12
24.750000  -1.7985404766e-12
24.812500  -1.6853510001e-12
24.875000  -1.5793050391e-12
24.937500  -1.4799504069e-12
25.000000  -1.3868636322e-12
25.062500  -1.2996481286e-12
25.125000  -1.2179324828e-12
25.187500  -1.1413688507e-12
25.250000  -1.0696314568e-12
25.312500  -1.0024151898e-12
25.375000  -9.3943428718e-13
25.437500  -8.8042110398e-13
25.500000  -8.2512496067e-13
25.562500  -7.7331106403e-13
25.625000  -7.2475949715e-13
25.687500  -6.7926427381e-13
25.750000  -6.3663245317e-13
25.812500  -5.9668331095e-13
25.875000  -5.5924756343e-13
25.937500  -5.2416664087e-13
26.000000  -4.9129200733e-13
26.062500  -4.6048452371e-13
26.125000  -4.3161385144e-13
26.187500  -4.0455789408e-13
26.250000  -3.7920227453e-13
26.312500  -3.5543984544e-13
26.375000  -3.3317023084e-13
26.437500  -3.1229939688e-13
26.500000  -2.9273924989e-13
26.562500  -2.7440726002e-13
26.625000  -2.5722610873e-13
26.687500  -2.4112335878e-13
26.750000  -2.2603114511e-13
26.812500  -2.1188588539e-13
26.875000  -1.9862800898e-13
26.937500  -1.8620170301e-13
27.000000  -1.7455467471e-13
27.062500  -1.6363792867e-13
27.125000  -1.5340555840e-13
27.187500  -1.4381455095e-13
27.250000  -1.3482460405e-13
27.312500  -1.2639795477e-13
27.375000  -1.1849921907e-13
27.437500  -1.1109524151e-13
27.500000  -1.0415495449e-13
27.562500  -9.7649246431e-14
27.625000  -9.1550838224e-14
27.687500  -8.5834167605e-14
27.750000  -8.0475280786e-14
27.812500  -7.5451730964e-14
27.875000  -7.0742483253e-14
27.937500  -6.6327825631e-14
28.000000  -6.2189285516e-14
28.062500  -5.8309551623e-14
28.125000  -5.4672400761e-14
28.187500  -5.1262629255e-14
28.250000  -4.8065988706e-14
28.312500  -4.5069125807e-14
28.375000  -4.2259525967e-14
28.437500  -3.9625460487e-14
28.500000  -3.7155937080e-14
28.562500  -3.4840653513e-14
28.625000  -3.2669954174e-14
28.687500  -3.0634789381e-14
28.750000  -2.8726677257e-14
28.812500  -2.6937668018e-14
28.875000  -2.5260310499e-14
28.937500  -2.3687620810e-14
29.000000  -2.2213052947e-14
29.062500  -2.0830471278e-14
29.125000  -1.9534124742e-14
29.187500  -1.8318622691e-14
29.250000  -1.7178912244e-14
29.312500  -1.6110257070e-14
29.375000  -1.5108217510e-14
29.437500  -1.4168631944e-14
29.500000  -1.3287599342e-14
29.562500  -1.2461462900e-14
29.625000  -1.1686794717e-14
29.687500  -1.0960381432e-14
29.750000  -1.0279210759e-14
29.812500  -9.6404588822e-15
29.875000  -9.0414786289e-15
29.937500  -8.4797883972e-15
30.000000  -7.9530617742e-15
