0.000000  0.0000000000e+00
0.081250  1.0764824216e-03
0.162500  4.2952602894e-03
0.243750  9.6068097588e-03
0.325000  1.6923837623e-02
0.406250  2.6124845007e-02
0.487500  3.7056882772e-02
0.568750  4.9538679241e-02
0.650000  6.3364218224e-02
0.731250  7.8306744429e-02
0.812500  9.4123139432e-02
0.893750  1.1055859387e-01
0.975000  1.2735148987e-01
1.056250  1.4423839919e-01
1.137500  1.6095909589e-01
1.218750  1.7726147827e-01
1.300000  1.9290629206e-01
1.381250  2.0767154710e-01
1.462500  2.2135652222e-01
1.543750  2.3378525822e-01
1.625000  2.4480944774e-01
1.706250  2.5431064272e-01
1.787500  2.6220171580e-01
1.868750  2.6842753159e-01
1.950000  2.7296480646e-01
2.031250  2.7582116159e-01
2.112500  2.7703340207e-01
2.193750  2.7666508410e-01
2.275000  2.7480346072e-01
2.356250  2.7155592299e-01
2.437500  2.6704607474e-01
2.518750  2.6140959466e-01
2.600000  2.5479004619e-01
2.681250  2.4733479382e-01
2.762500  2.3919117285e-01
2.843750  2.3050303918e-01
2.925000  2.2140779841e-01
3.006250  2.1203398118e-01
3.087500  2.0249939767e-01
3.168750  1.9290987076e-01
3.250000  1.8335851809e-01
3.331250  1.7392552947e-01
3.412500  1.6467836896e-01
3.493750  1.5567232164e-01
3.575000  1.4695130191e-01
3.656250  1.3854884346e-01
3.737500  1.3048919781e-01
3.818750  1.2278847908e-01
3.900000  1.1545580374e-01
3.981250  1.0849438629e-01
4.062500  1.0190256268e-01
4.143750  9.5674723468e-02
4.225000  8.9802146894e-02
4.306250  8.4273728566e-02
4.387500  7.9076609648e-02
4.468750  7.4196708782e-02
4.550000  6.9619165334e-02
4.631250  6.5328702803e-02
4.712500  6.1309921766e-02
4.793750  5.7547531655e-02
4.875000  5.4026530260e-02
4.956250  5.0732339164e-02
5.037500  4.7650902515e-02
5.118750  4.4768755692e-02
5.200000  4.2073069543e-02
5.281250  3.9551675097e-02
5.362500  3.7193072864e-02
5.443750  3.4986430198e-02
5.525000  3.2921569575e-02
5.606250  3.0988950136e-02
5.687500  2.9179644404e-02
5.768750  2.7485311698e-02
5.850000  2.5898169466e-02
5.931250  2.4410963487e-02
6.012500  2.3016937680e-02
6.093750  2.1709804095e-02
6.175000  2.0483713486e-02
6.256250  1.9333226801e-02
6.337500  1.8253287775e-02
6.418750  1.7239196795e-02
6.500000  1.6286586101e-02
6.581250  1.5391396388e-02
6.662500  1.4549854800e-02
6.743750  1.3758454311e-02
6.825000  1.3013934455e-02
6.906250  1.2313263360e-02
6.987500  1.1653621028e-02
7.068750  1.1032383803e-02
7.150000  1.0447109953e-02
7.231250  9.8955263131e-03
7.312500  9.3755159115e-03
7.393750  8.8851065196e-03
7.475000  8.4224600629e-03
7.556250  7.9858628292e-03
7.637500  7.5737164204e-03
7.718750  7.1845293907e-03
7.800000  6.8169095209e-03
7.881250  6.4695566804e-03
7.962500  6.1412562325e-03
8.043750  5.8308729411e-03
8.125000  5.5373453386e-03
8.206250  5.2596805210e-03
8.287500  4.9969493358e-03
8.368750  4.7482819313e-03
8.450000  4.5128636405e-03
8.531250  4.2899311716e-03
8.612500  4.0787690822e-03
8.693750  3.8787065146e-03
8.775000  3.6891141714e-03
8.856250  3.5094015129e-03
8.937500  3.3390141596e-03
9.018750  3.1774314821e-03
9.100000  3.0241643661e-03
9.181250  2.8787531370e-03
9.262500  2.7407656335e-03
9.343750  2.6097954170e-03
9.425000  2.4854601084e-03
9.506250  2.3673998409e-03
9.587500  2.2552758213e-03
9.668750  2.1487689905e-03
9.750000  2.0475787771e-03
9.831250  1.9514219357e-03
9.912500  1.8600314653e-03
9.993750  1.7731555999e-03
10.075000  1.6905568682e-03
10.156250  1.6120112152e-03
10.237500  1.5373071835e-03
10.318750  1.4662451473e-03
10.400000  1.3986365985e-03
10.481250  1.3343034779e-03
10.562500  1.2730775513e-03
10.643750  1.2147998247e-03
10.725000  1.1593199981e-03
10.806250  1.1064959541e-03
10.887500  1.0561932780e-03
10.968750  1.0082848100e-03
11.050000  9.6265022382e-04
11.131250  9.1917563302e-04
11.212500  8.7775322102e-04
11.293750  8.3828089436e-04
11.375000  8.0066195724e-04
11.456250  7.6480480597e-04
11.537500  7.3062264202e-04
11.618750  6.9803320257e-04
11.700000  6.6695850717e-04
11.781250  6.3732461974e-04
11.862500  6.0906142463e-04
11.943750  5.8210241614e-04
12.025000  5.5638450039e-04
12.106250  5.3184780884e-04
12.187500  5.0843552283e-04
12.268750  4.8609370821e-04
12.350000  4.6477115968e-04
12.431250  4.4441925406e-04
12.512500  4.2499181201e-04
12.593750  4.0644496767e-04
12.675000  3.8873704569e-04
12.756250  3.7182844532e-04
12.837500  3.5568153095e-04
12.918750  3.4026052885e-04
13.000000  3.2553142970e-04
13.081250  3.1146189657e-04
13.162500  2.9802117792e-04
13.243750  2.8518002555e-04
13.325000  2.7291061695e-04
13.406250  2.6118648198e-04
13.487500  2.4998243351e-04
13.568750  2.3927450186e-04
13.650000  2.2903987284e-04
13.731250  2.1925682902e-04
13.812500  2.0990469428e-04
13.893750  2.0096378125e-04
13.975000  1.9241534161e-04
14.056250  1.8424151901e-04
14.137500  1.7642530449e-04
14.218750  1.6895049425e-04
14.300000  1.6180164967e-04
14.381250  1.5496405936e-04
14.462500  1.4842370331e-04
14.543750  1.4216721879e-04
14.625000  1.3618186809e-04
14.706250  1.3045550790e-04
14.787500  1.2497656029e-04
14.868750  1.1973398519e-04
14.950000  1.1471725422e-04
15.031250  1.0991632595e-04
15.112500  1.0532162234e-04
15.193750  1.0092400642e-04
15.275000  9.6714761094e-05
15.356250  9.2685568998e-05
15.437500  8.8828493389e-05
15.518750  8.5135959985e-05
15.600000  8.1600739714e-05
15.681250  7.8215932326e-05
15.762500  7.4974950819e-05
15.843750  7.1871506638e-05
15.925000  6.8899595604e-05
16.006250  6.6053484538e-05
16.087500  6.3327698551e-05
16.168750  6.0717008942e-05
16.250000  5.8216421701e-05
16.331250  5.5821166572e-05
16.412500  5.3526686639e-05
16.493750  5.1328628431e-05
16.575000  4.9222832494e-05
16.656250  4.7205324428e-05
16.737500  4.5272306351e-05
16.818750  4.3420148774e-05
16.900000  4.1645382864e-05
16.981250  3.9944693084e-05
17.062500  3.8314910175e-05
17.143750  3.6753004479e-05
17.225000  3.5256079578e-05
17.306250  3.3821366229e-05
17.387500  3.2446216595e-05
17.468750  3.1128098741e-05
17.550000  2.9864591392e-05
17.631250  2.8653378939e-05
17.712500  2.7492246672e-05
17.793750  2.6379076246e-05
17.875000  2.5311841349e-05
17.956250  2.4288603583e-05
18.037500  2.3307508522e-05
18.118750  2.2366781966e-05
18.200000  2.1464726359e-05
18.281250  2.0599717382e-05
18.362500  1.9770200692e-05
18.443750  1.8974688820e-05
18.525000  1.8211758208e-05
18.606250  1.7480046380e-05
18.687500  1.6778249245e-05
18.768750  1.6105118525e-05
18.850000  1.5459459295e-05
18.931250  1.4840127638e-05
19.012500  1.4246028407e-05
19.093750  1.3676113089e-05
19.175000  1.3129377759e-05
19.256250  1.2604861139e-05
19.337500  1.2101642732e-05
19.418750  1.1618841046e-05
19.500000  1.1155611900e-05
19.581250  1.0711146799e-05
19.662500  1.0284671387e-05
19.743750  9.8754439713e-06
19.825000  9.4827541035e-06
19.906250  9.1059212342e-06
19.987500  8.7442934206e-06
20.068750  8.3972460948e-06
20.150000  8.0641808852e-06
20.231250  7.7445244909e-06
20.312500  7.4377276055e-06
20.393750  7.1432638884e-06
20.475000  6.8606289816e-06
20.556250  6.5893395698e-06
20.637500  6.3289324817e-06
20.718750  6.0789638306e-06
20.800000  5.8390081930e-06
20.881250  5.6086578226e-06
20.962500  5.3875218996e-06
21.043750  5.1752258116e-06
21.125000  4.9714104665e-06
21.206250  4.7757316353e-06
21.287500  4.5878593233e-06
21.368750  4.4074771686e-06
21.450000  4.2342818664e-06
21.531250  4.0679826190e-06
21.612500  3.9083006085e-06
21.693750  3.7549684934e-06
21.775000  3.6077299258e-06
21.856250  3.4663390901e-06
21.937500  3.3305602615e-06
22.018750  3.2001673828e-06
22.100000  3.0749436605e-06
22.181250  2.9546811770e-06
22.262500  2.8391805203e-06
22.343750  2.7282504288e-06
22.425000  2.6217074520e-06
22.506250  2.5193756249e-06
22.587500  2.4210861570e-06
22.668750  2.3266771339e-06
22.750000  2.2359932320e-06
22.831250  2.1488854450e-06
22.912500  2.0652108223e-06
22.993750  1.9848322184e-06
23.075000  1.9076180525e-06
23.156250  1.8334420787e-06
23.237500  1.7621831661e-06
23.318750  1.6937250873e-06
23.400000  1.6279563166e-06
23.481250  1.5647698367e-06
23.562500  1.5040629526e-06
23.643750  1.4457371147e-06
23.725000  1.3896977480e-06
23.806250  1.3358540893e-06
23.887500  1.2841190310e-06
23.968750  1.2344089713e-06
24.050000  1.1866436705e-06
24.131250  1.1407461140e-06
24.212500  1.0966423802e-06
24.293750  1.0542615144e-06
24.375000  1.0135354074e-06
24.456250  9.7439868027e-07
24.537500  9.3678857246e-07
24.618750  9.0064483561e-07
24.700000  8.6590963129e-07
24.781250  8.3252743316e-07
24.862500  8.0044493304e-07
24.943750  7.6961095095e-07
25.025000  7.3997634887e-07
25.106250  7.1149394799e-07
25.187500  6.8411844943e-07
25.268750  6.5780635821e-07
25.350000  6.3251591035e-07
25.431250  6.0820700294e-07
25.512500  5.8484112711e-07
25.593750  5.6238130377e-07
25.675000  5.4079202193e-07
25.756250  5.2003917959e-07
25.837500  5.0009002703e-07
25.918750  4.8091311244e-07
26.000000  4.6247822976e-07
26.081250  4.4475636863e-07
26.162500  4.2771966643e-07
26.243750  4.1134136221e-07
26.325000  3.9559575256e-07
26.406250  3.8045814928e-07
26.487500  3.6590483867e-07
26.568750  3.5191304262e-07
26.650000  3.3846088115e-07
26.731250  3.2552733658e-07
26.812500  3.1309221907e-07
26.893750  3.0113613359e-07
26.975000  2.8964044826e-07
27.056250  2.7858726388e-07
27.137500  2.6795938480e-07
27.218750  2.5774029090e-07
27.300000  2.4791411070e-07
27.381250  2.3846559561e-07
27.462500  2.2938009515e-07
27.543750  2.2064353322e-07
27.625000  2.1224238530e-07
27.706250  2.0416365656e-07
27.787500  1.9639486089e-07
27.868750  1.8892400072e-07
27.950000  1.8173954770e-07
28.031250  1.7483042413e-07
28.112500  1.6818598512e-07
28.193750  1.6179600148e-07
28.275000  1.5565064332e-07
28.356250  1.4974046429e-07
28.437500  1.4405638640e-07
28.518750  1.3858968554e-07
28.600000  1.3333197750e-07
28.681250  1.2827520459e-07
28.762500  1.2341162278e-07
28.843750  1.1873378936e-07
28.925000  1.1423455108e-07
29.006250  1.0990703277e-07
29.087500  1.0574462640e-07
29.168750  1.0174098063e-07
29.250000  9.7889990685e-08
29.331250  9.4185788698e-08
29.412500  9.0622734427e-08
29.493750  8.7195406324e-08
29.575000  8.3898592969e-08
29.656250  8.0727284838e-08
29.737500  7.7676666405e-08
29.818750  7.4742108550e-08
29.900000  7.1919161268e-08
29.981250  6.9203546672e-08
