1.0 1.009
2.0 0.8964
3.0 0.7201
4.0 0.6003
5.0 0.5950
6.0 0.6984
7.0 0.8593
8.0 1.007
9.0 1.077
10.0 1.032
11.0 0.8731
12.0 0.6362
13.0 0.3820
14.0 0.1760
15.0 0.6858E-01
16.0 0.8082E-01
17.0 0.1990
18.0 0.3803
19.0 0.5662
20.0 0.7004
21.0 0.7448
22.0 0.6900
23.0 0.5560
24.0 0.3856
25.0 0.2306
26.0 0.1370
27.0 0.1320
28.0 0.2171
29.0 0.3686
30.0 0.5448
31.0 0.6978
32.0 0.7871
33.0 0.7897
34.0 0.7069
35.0 0.5630
36.0 0.4000
37.0 0.2668
38.0 0.2077
39.0 0.2519
40.0 0.4071
41.0 0.6574
42.0 0.9674
43.0 1.289
44.0 1.573
45.0 1.776
46.0 1.871
47.0 1.852
48.0 1.733
49.0 1.542
50.0 1.322
51.0 1.114
52.0 0.9563
53.0 0.8731
54.0 0.8745
55.0 0.9547
56.0 1.094
57.0 1.264
58.0 1.432
59.0 1.570
60.0 1.654
61.0 1.672
62.0 1.622
63.0 1.516
64.0 1.368
65.0 1.201
66.0 1.037
67.0 0.8951
68.0 0.7888
69.0 0.7249
70.0 0.7031
71.0 0.7167
72.0 0.7547
73.0 0.8039
74.0 0.8508
75.0 0.8843
76.0 0.8964
77.0 0.8831
78.0 0.8448
79.0 0.7854
80.0 0.7113
81.0 0.6304
82.0 0.5504
83.0 0.4785
84.0 0.4195
85.0 0.3765
86.0 0.3499
87.0 0.3381
88.0 0.3381
89.0 0.3458
90.0 0.3567
91.0 0.3666
92.0 0.3723
93.0 0.3714
94.0 0.3628
95.0 0.3468
96.0 0.3243
97.0 0.2973
98.0 0.2678
99.0 0.2384
100.0 0.2108
101.0 0.1869
102.0 0.1677
103.0 0.1536
104.0 0.1445
105.0 0.1398
106.0 0.1385
107.0 0.1396
108.0 0.1417
109.0 0.1438
110.0 0.1449
111.0 0.1445
112.0 0.1421
113.0 0.1377
114.0 0.1314
115.0 0.1237
116.0 0.1151
117.0 0.1060
118.0 0.9689E-01
119.0 0.8830E-01
120.0 0.8054E-01
121.0 0.7386E-01
122.0 0.6837E-01
123.0 0.6413E-01
124.0 0.6108E-01
125.0 0.5912E-01
126.0 0.5812E-01
127.0 0.5788E-01
128.0 0.5822E-01
129.0 0.5894E-01
130.0 0.5981E-01
131.0 0.6063E-01
132.0 0.6121E-01
133.0 0.6135E-01
134.0 0.6090E-01
135.0 0.5974E-01
136.0 0.5781E-01
137.0 0.5512E-01
138.0 0.5175E-01
139.0 0.4786E-01
140.0 0.4369E-01
141.0 0.3953E-01
142.0 0.3569E-01
143.0 0.3247E-01
144.0 0.3015E-01
145.0 0.2891E-01
146.0 0.2883E-01
147.0 0.2984E-01
148.0 0.3179E-01
149.0 0.3439E-01
150.0 0.3727E-01
151.0 0.4003E-01
152.0 0.4229E-01
153.0 0.4375E-01
154.0 0.4422E-01
155.0 0.4365E-01
156.0 0.4217E-01
157.0 0.4006E-01
158.0 0.3775E-01
159.0 0.3571E-01
160.0 0.3445E-01
161.0 0.3444E-01
162.0 0.3600E-01
163.0 0.3929E-01
164.0 0.4430E-01
165.0 0.5076E-01
166.0 0.5826E-01
167.0 0.6622E-01
168.0 0.7400E-01
169.0 0.8096E-01
170.0 0.8653E-01
171.0 0.9030E-01
172.0 0.9208E-01
173.0 0.9189E-01
174.0 0.8999E-01
175.0 0.8682E-01
176.0 0.8297E-01
177.0 0.7908E-01
178.0 0.7578E-01
179.0 0.7358E-01
180.0 0.7280E-01
