# 60Ni(d,d) 60 MeV DCS (mb/sr)
1.0 5.27288915e+07
2.0 2.93228159e+06
3.0 4.58282221e+05
4.0 1.17187958e+05
5.0 4.66768697e+04
6.0 2.67583748e+04
7.0 1.82604848e+04
8.0 1.28595495e+04
9.0 8.74339516e+03
10.0 5.55726757e+03
11.0 3.21680302e+03
12.0 1.63393813e+03
13.0 6.77248008e+02
14.0 1.90146768e+02
15.0 1.70531858e+01
16.0 2.33431781e+01
17.0 1.06162360e+02
18.0 1.97065256e+02
19.0 2.58744287e+02
20.0 2.78309941e+02
21.0 2.59277448e+02
22.0 2.13900375e+02
23.0 1.56923208e+02
24.0 1.01282422e+02
25.0 5.58158805e+01
26.0 2.46841090e+01
27.0 7.99660125e+00
28.0 3.08062937e+00
29.0 5.90328403e+00
30.0 1.23056616e+01
31.0 1.88710240e+01
32.0 2.33825411e+01
33.0 2.49139589e+01
34.0 2.36431578e+01
35.0 2.04972547e+01
36.0 1.67384812e+01
37.0 1.35858941e+01
38.0 1.19402284e+01
39.0 1.22425741e+01
40.0 1.44613984e+01
41.0 1.81767121e+01
42.0 2.27199170e+01
43.0 2.73308616e+01
44.0 3.13030842e+01
45.0 3.40977661e+01
46.0 3.54141705e+01
47.0 3.52106699e+01
48.0 3.36779961e+01
49.0 3.11750417e+01
50.0 2.81446900e+01
51.0 2.50294728e+01
52.0 2.22032103e+01
53.0 1.99272224e+01
54.0 1.83320541e+01
55.0 1.74209305e+01
56.0 1.70898309e+01
57.0 1.71594049e+01
58.0 1.74139306e+01
59.0 1.76414992e+01
60.0 1.76686622e+01
61.0 1.73834772e+01
62.0 1.67438043e+01
63.0 1.57717991e+01
64.0 1.45388643e+01
65.0 1.31464229e+01
66.0 1.17067930e+01
67.0 1.03264584e+01
68.0 9.09261510e+00
69.0 8.06359127e+00
70.0 7.26404094e+00
71.0 6.68573040e+00
72.0 6.29375842e+00
73.0 6.03656959e+00
74.0 5.85705450e+00
75.0 5.70208810e+00
76.0 5.52897698e+00
77.0 5.30871822e+00
78.0 5.02686771e+00
79.0 4.68284734e+00
80.0 4.28803348e+00
81.0 3.86260762e+00
82.0 3.43130117e+00
83.0 3.01868690e+00
84.0 2.64507357e+00
85.0 2.32394990e+00
86.0 2.06130925e+00
87.0 1.85646033e+00
88.0 1.70354390e+00
89.0 1.59310613e+00
90.0 1.51351482e+00
91.0 1.45235162e+00
92.0 1.39791838e+00
93.0 1.34072760e+00
94.0 1.27459722e+00
95.0 1.19698924e+00
96.0 1.10853002e+00
97.0 1.01201030e+00
98.0 9.11329328e-01
99.0 8.10722928e-01
100.0 7.14321388e-01
101.0 6.25852565e-01
102.0 5.48296729e-01
103.0 4.83480475e-01
104.0 4.31785976e-01
105.0 3.92178113e-01
106.0 3.62594284e-01
107.0 3.40531666e-01
108.0 3.23568580e-01
109.0 3.09635731e-01
110.0 2.97038395e-01
111.0 2.84381560e-01
112.0 2.70564372e-01
113.0 2.54894029e-01
114.0 2.37225541e-01
115.0 2.17980231e-01
116.0 1.97972191e-01
117.0 1.78110348e-01
118.0 1.59130717e-01
119.0 1.41484960e-01
120.0 1.25399521e-01
121.0 1.11013770e-01
122.0 9.84771728e-02
123.0 8.79411321e-02
124.0 7.94708787e-02
125.0 7.29612001e-02
126.0 6.81298239e-02
127.0 6.45976258e-02
128.0 6.19988962e-02
129.0 6.00486229e-02
130.0 5.85347204e-02
131.0 5.72623859e-02
132.0 5.60074271e-02
133.0 5.45188810e-02
134.0 5.25694108e-02
135.0 5.00185492e-02
136.0 4.68492207e-02
137.0 4.31601553e-02
138.0 3.91271411e-02
139.0 3.49620609e-02
140.0 3.08898631e-02
141.0 2.71405024e-02
142.0 2.39376729e-02
143.0 2.14714257e-02
144.0 1.98595455e-02
145.0 1.91154125e-02
146.0 1.91390706e-02
147.0 1.97370885e-02
148.0 2.06635545e-02
149.0 2.16656505e-02
150.0 2.25177878e-02
151.0 2.30393449e-02
152.0 2.31045956e-02
153.0 2.26566513e-02
154.0 2.17265582e-02
155.0 2.04453741e-02
156.0 1.90347577e-02
157.0 1.77715460e-02
158.0 1.69345601e-02
159.0 1.67499535e-02
160.0 1.73531844e-02
161.0 1.87797428e-02
162.0 2.09822130e-02
163.0 2.38558060e-02
164.0 2.72523958e-02
165.0 3.09786962e-02
166.0 3.47930475e-02
167.0 3.84191552e-02
168.0 4.15824903e-02
169.0 4.40594523e-02
170.0 4.57210982e-02
171.0 4.65526039e-02
172.0 4.66370098e-02
173.0 4.61100064e-02
174.0 4.51137472e-02
175.0 4.37808227e-02
176.0 4.22540493e-02
177.0 4.07142362e-02
178.0 3.93802458e-02
179.0 3.84707401e-02
180.0 3.81476992e-02
