0.00000 0.0000
0.08125 0.10770E-02
0.16250 0.42971E-02
0.24375 0.96110E-02
0.32500 0.16931E-01
0.40625 0.26136E-01
0.48750 0.37073E-01
0.56875 0.49560E-01
0.65000 0.63391E-01
0.73125 0.78339E-01
0.81250 0.94162E-01
0.89375 0.11060
0.97500 0.12740
1.05625 0.14430
1.13750 0.16102
1.21875 0.17733
1.30000 0.19298
1.38125 0.20775
1.46250 0.22144
1.54375 0.23387
1.62500 0.24489
1.70625 0.25439
1.78750 0.26228
1.86875 0.26851
1.95000 0.27304
2.03125 0.27590
2.11250 0.27711
2.19375 0.27673
2.27500 0.27487
2.35625 0.27161
2.43750 0.26710
2.51875 0.26146
2.60000 0.25483
2.68125 0.24737
2.76250 0.23922
2.84375 0.23053
2.92500 0.22143
3.00625 0.21205
3.08750 0.20251
3.16875 0.19291
3.25000 0.18336
3.33125 0.17392
3.41250 0.16467
3.49375 0.15566
3.57500 0.14694
3.65625 0.13853
3.73750 0.13047
3.81875 0.12277
3.90000 0.11543
3.98125 0.10847
4.06250 0.10188
4.14375 0.95647E-01
4.22500 0.89774E-01
4.30625 0.84245E-01
4.38750 0.79047E-01
4.46875 0.74167E-01
4.55000 0.69589E-01
4.63125 0.65299E-01
4.71250 0.61280E-01
4.79375 0.57518E-01
4.87500 0.53997E-01
4.95625 0.50703E-01
5.03750 0.47622E-01
5.11875 0.44740E-01
5.20000 0.42045E-01
5.28125 0.39524E-01
5.36250 0.37166E-01
5.44375 0.34960E-01
5.52500 0.32896E-01
5.60625 0.30963E-01
5.68750 0.29155E-01
5.76875 0.27461E-01
5.85000 0.25874E-01
5.93125 0.24388E-01
6.01250 0.22994E-01
6.09375 0.21688E-01
6.17500 0.20462E-01
6.25625 0.19312E-01
6.33750 0.18233E-01
6.41875 0.17220E-01
6.50000 0.16267E-01
6.58125 0.15373E-01
6.66250 0.14532E-01
6.74375 0.13741E-01
6.82500 0.12997E-01
6.90625 0.12297E-01
6.98750 0.11638E-01
7.06875 0.11017E-01
7.15000 0.10432E-01
7.23125 0.98810E-02
7.31250 0.93614E-02
7.39375 0.88714E-02
7.47500 0.84092E-02
7.55625 0.79730E-02
7.63750 0.75613E-02
7.71875 0.71725E-02
7.80000 0.68053E-02
7.88125 0.64583E-02
7.96250 0.61304E-02
8.04375 0.58203E-02
8.12500 0.55271E-02
8.20625 0.52498E-02
8.28750 0.49874E-02
8.36875 0.47390E-02
8.45000 0.45039E-02
8.53125 0.42813E-02
8.61250 0.40704E-02
8.69375 0.38706E-02
8.77500 0.36813E-02
8.85625 0.35018E-02
8.93750 0.33317E-02
9.01875 0.31704E-02
9.10000 0.30173E-02
9.18125 0.28721E-02
9.26250 0.27344E-02
9.34375 0.26036E-02
9.42500 0.24795E-02
9.50625 0.23616E-02
9.58750 0.22497E-02
9.66875 0.21434E-02
9.75000 0.20424E-02
9.83125 0.19464E-02
9.91250 0.18552E-02
9.99375 0.17685E-02
10.07500 0.16860E-02
10.15625 0.16076E-02
10.23750 0.15331E-02
10.31875 0.14621E-02
10.40000 0.13947E-02
10.48125 0.13305E-02
10.56250 0.12694E-02
10.64375 0.12112E-02
10.72500 0.11559E-02
10.80625 0.11032E-02
10.88750 0.10530E-02
10.96875 0.10052E-02
11.05000 0.95965E-03
11.13125 0.91628E-03
11.21250 0.87495E-03
11.29375 0.83558E-03
11.37500 0.79805E-03
11.45625 0.76228E-03
11.53750 0.72819E-03
11.61875 0.69568E-03
11.70000 0.66469E-03
11.78125 0.63513E-03
11.86250 0.60694E-03
11.94375 0.58005E-03
12.02500 0.55441E-03
12.10625 0.52994E-03
12.18750 0.50659E-03
12.26875 0.48431E-03
12.35000 0.46305E-03
12.43125 0.44276E-03
12.51250 0.42339E-03
12.59375 0.40490E-03
12.67500 0.38724E-03
12.75625 0.37038E-03
12.83750 0.35429E-03
12.91875 0.33891E-03
13.00000 0.32423E-03
13.08125 0.31021E-03
13.16250 0.29681E-03
13.24375 0.28401E-03
13.32500 0.27178E-03
13.40625 0.26009E-03
13.48750 0.24893E-03
13.56875 0.23826E-03
13.65000 0.22806E-03
13.73125 0.21831E-03
13.81250 0.20899E-03
13.89375 0.20008E-03
13.97500 0.19156E-03
14.05625 0.18342E-03
14.13750 0.17563E-03
14.21875 0.16818E-03
14.30000 0.16106E-03
14.38125 0.15425E-03
14.46250 0.14773E-03
14.54375 0.14150E-03
14.62500 0.13554E-03
14.70625 0.12983E-03
14.78750 0.12438E-03
14.86875 0.11915E-03
14.95000 0.11416E-03
15.03125 0.10937E-03
15.11250 0.10480E-03
15.19375 0.10042E-03
15.27500 0.96228E-04
15.35625 0.92215E-04
15.43750 0.88374E-04
15.51875 0.84697E-04
15.60000 0.81177E-04
15.68125 0.77807E-04
15.76250 0.74580E-04
15.84375 0.71491E-04
15.92500 0.68532E-04
16.00625 0.65698E-04
16.08750 0.62985E-04
16.16875 0.60386E-04
16.25000 0.57897E-04
16.33125 0.55513E-04
16.41250 0.53229E-04
16.49375 0.51041E-04
16.57500 0.48945E-04
16.65625 0.46937E-04
16.73750 0.45014E-04
16.81875 0.43170E-04
16.90000 0.41404E-04
16.98125 0.39712E-04
17.06250 0.38090E-04
17.14375 0.36536E-04
17.22500 0.35047E-04
17.30625 0.33619E-04
17.38750 0.32251E-04
17.46875 0.30940E-04
17.55000 0.29683E-04
17.63125 0.28478E-04
17.71250 0.27323E-04
17.79375 0.26215E-04
17.87500 0.25154E-04
17.95625 0.24136E-04
18.03750 0.23160E-04
18.11875 0.22225E-04
18.20000 0.21327E-04
18.28125 0.20467E-04
18.36250 0.19642E-04
18.44375 0.18851E-04
18.52500 0.18093E-04
18.60625 0.17365E-04
18.68750 0.16667E-04
18.76875 0.15998E-04
18.85000 0.15356E-04
18.93125 0.14740E-04
19.01250 0.14150E-04
19.09375 0.13583E-04
19.17500 0.13039E-04
19.25625 0.12518E-04
19.33750 0.12018E-04
19.41875 0.11538E-04
19.50000 0.11077E-04
19.58125 0.10636E-04
19.66250 0.10212E-04
19.74375 0.98052E-05
19.82500 0.94149E-05
19.90625 0.90404E-05
19.98750 0.86811E-05
20.06875 0.83362E-05
20.15000 0.80052E-05
20.23125 0.76876E-05
20.31250 0.73828E-05
20.39375 0.70902E-05
20.47500 0.68094E-05
20.55625 0.65399E-05
20.63750 0.62812E-05
20.71875 0.60329E-05
20.80000 0.57946E-05
20.88125 0.55657E-05
20.96250 0.53461E-05
21.04375 0.51352E-05
21.12500 0.49328E-05
21.20625 0.47385E-05
21.28750 0.45519E-05
21.36875 0.43727E-05
21.45000 0.42008E-05
21.53125 0.40356E-05
21.61250 0.38771E-05
21.69375 0.37248E-05
21.77500 0.35786E-05
21.85625 0.34382E-05
21.93750 0.33034E-05
22.01875 0.31740E-05
22.10000 0.30497E-05
22.18125 0.29303E-05
22.26250 0.28156E-05
22.34375 0.27055E-05
22.42500 0.25997E-05
22.50625 0.24982E-05
22.58750 0.24006E-05
22.66875 0.23069E-05
22.75000 0.22169E-05
22.83125 0.21305E-05
22.91250 0.20474E-05
22.99375 0.19677E-05
23.07500 0.18911E-05
23.15625 0.18174E-05
23.23750 0.17467E-05
23.31875 0.16788E-05
23.40000 0.16136E-05
23.48125 0.15509E-05
23.56250 0.14907E-05
23.64375 0.14328E-05
23.72500 0.13772E-05
23.80625 0.13238E-05
23.88750 0.12725E-05
23.96875 0.12232E-05
24.05000 0.11758E-05
24.13125 0.11303E-05
24.21250 0.10865E-05
24.29375 0.10445E-05
24.37500 0.10041E-05
24.45625 0.96530E-06
24.53750 0.92801E-06
24.61875 0.89217E-06
24.70000 0.85773E-06
24.78125 0.82463E-06
24.86250 0.79282E-06
24.94375 0.76225E-06
25.02500 0.73287E-06
25.10625 0.70463E-06
25.18750 0.67749E-06
25.26875 0.65141E-06
25.35000 0.62634E-06
25.43125 0.60225E-06
25.51250 0.57909E-06
25.59375 0.55683E-06
25.67500 0.53543E-06
25.75625 0.51486E-06
25.83750 0.49509E-06
25.91875 0.47609E-06
26.00000 0.45782E-06
26.08125 0.44026E-06
26.16250 0.42338E-06
26.24375 0.40715E-06
26.32500 0.39155E-06
26.40625 0.37656E-06
26.48750 0.36214E-06
26.56875 0.34828E-06
26.65000 0.33495E-06
26.73125 0.32214E-06
26.81250 0.30982E-06
26.89375 0.29798E-06
26.97500 0.28659E-06
27.05625 0.27564E-06
27.13750 0.26512E-06
27.21875 0.25500E-06
27.30000 0.24527E-06
27.38125 0.23591E-06
27.46250 0.22691E-06
27.54375 0.21826E-06
27.62500 0.20994E-06
27.70625 0.20194E-06
27.78750 0.19425E-06
27.86875 0.18686E-06
27.95000 0.17974E-06
28.03125 0.17290E-06
28.11250 0.16632E-06
28.19375 0.16000E-06
28.27500 0.15392E-06
28.35625 0.14807E-06
28.43750 0.14244E-06
28.51875 0.13703E-06
28.60000 0.13183E-06
28.68125 0.12682E-06
28.76250 0.12201E-06
28.84375 0.11738E-06
28.92500 0.11293E-06
29.00625 0.10864E-06
29.08750 0.10453E-06
29.16875 0.10056E-06
29.25000 0.96754E-07
29.33125 0.93089E-07
29.41250 0.89564E-07
29.49375 0.86174E-07
29.57500 0.82912E-07
29.65625 0.79775E-07
29.73750 0.76758E-07
29.81875 0.73855E-07
29.90000 0.71063E-07
29.98125 0.68377E-07
