# 148Sm(a,a) 50 MeV DCS from Raphael (mb/sr)
1.0 1.44922719e+09
2.0 8.97848633e+07
3.0 1.79947368e+07
4.0 5.62559405e+06
5.0 2.36533058e+06
6.0 1.13167484e+06
7.0 5.97076062e+05
8.0 3.29975372e+05
9.0 2.11287547e+05
10.0 1.54949774e+05
11.0 1.13626631e+05
12.0 8.00446488e+04
13.0 5.69782044e+04
14.0 4.25082819e+04
15.0 3.22352762e+04
16.0 2.36244554e+04
17.0 1.64785184e+04
18.0 1.12855535e+04
19.0 8.01953750e+03
20.0 6.07366101e+03
21.0 4.74620267e+03
22.0 3.62071189e+03
23.0 2.61266520e+03
24.0 1.80155328e+03
25.0 1.25205737e+03
26.0 9.38463652e+02
27.0 7.69189778e+02
28.0 6.49427285e+02
29.0 5.25912365e+02
30.0 3.93413941e+02
31.0 2.73409656e+02
32.0 1.87086516e+02
33.0 1.39585221e+02
34.0 1.19937316e+02
35.0 1.10825789e+02
36.0 9.90088236e+01
37.0 8.02699180e+01
38.0 5.80292852e+01
39.0 3.84845209e+01
40.0 2.59699687e+01
41.0 2.08693208e+01
42.0 2.03530384e+01
43.0 2.06631832e+01
44.0 1.92425962e+01
45.0 1.56122984e+01
46.0 1.09162910e+01
47.0 6.78479302e+00
48.0 4.30647198e+00
49.0 3.58840283e+00
50.0 3.94428560e+00
51.0 4.43546284e+00
52.0 4.39471344e+00
53.0 3.67197666e+00
54.0 2.55384653e+00
55.0 1.48994536e+00
56.0 8.18702231e-01
57.0 6.26692555e-01
58.0 7.69651279e-01
59.0 9.98814691e-01
60.0 1.10397114e+00
61.0 1.00110604e+00
62.0 7.37410412e-01
63.0 4.32955338e-01
64.0 2.03664021e-01
65.0 1.06937308e-01
66.0 1.29125613e-01
67.0 2.09316326e-01
68.0 2.78722525e-01
69.0 2.93419037e-01
70.0 2.47312275e-01
71.0 1.64901587e-01
72.0 8.25119791e-02
73.0 2.91330779e-02
74.0 1.51478518e-02
75.0 3.19896715e-02
76.0 6.03935137e-02
77.0 8.14252283e-02
78.0 8.45000165e-02
79.0 6.96533718e-02
80.0 4.48186549e-02
81.0 2.06326994e-02
82.0 5.34613987e-03
83.0 1.80667110e-03
84.0 7.46056244e-03
85.0 1.67709371e-02
86.0 2.42578824e-02
87.0 2.65678838e-02
88.0 2.31417527e-02
89.0 1.58343799e-02
90.0 7.82431577e-03
91.0 2.08661308e-03
92.0 6.47974222e-05
93.0 1.31606640e-03
94.0 4.21873597e-03
95.0 7.01679525e-03
96.0 8.49795402e-03
97.0 8.20703873e-03
98.0 6.41316585e-03
99.0 3.91266537e-03
100.0 1.64894795e-03
101.0 2.93510365e-04
102.0 3.66337285e-05
103.0 6.46317699e-04
104.0 1.65095775e-03
105.0 2.53732432e-03
106.0 2.94043708e-03
107.0 2.76572802e-03
108.0 2.16274814e-03
109.0 1.38039296e-03
110.0 6.48432578e-04
111.0 1.55240858e-04
112.0 2.32321752e-05
113.0 2.27148903e-04
114.0 5.81791449e-04
115.0 8.75439067e-04
116.0 1.01088051e-03
117.0 1.00540664e-03
118.0 8.91892259e-04
119.0 6.74211345e-04
120.0 3.87081702e-04
121.0 1.35902778e-04
122.0 2.05617467e-05
123.0 4.61770144e-05
124.0 1.44767625e-04
125.0 2.53957599e-04
126.0 3.43783234e-04
127.0 3.93867821e-04
128.0 3.85814305e-04
129.0 3.23847854e-04
130.0 2.37088578e-04
131.0 1.50068879e-04
132.0 7.19701713e-05
133.0 1.72121267e-05
134.0 7.22340208e-06
135.0 4.48644474e-05
136.0 1.04174877e-04
137.0 1.50853250e-04
138.0 1.69617399e-04
139.0 1.66542215e-04
140.0 1.47154303e-04
141.0 1.10999786e-04
142.0 6.80979211e-05
143.0 3.60607336e-05
144.0 1.98422474e-05
145.0 1.11050896e-05
146.0 5.46881491e-06
147.0 1.10486005e-05
148.0 3.52680736e-05
149.0 6.62941109e-05
150.0 8.32486168e-05
151.0 8.27793071e-05
152.0 7.55688847e-05
153.0 6.52387505e-05
154.0 4.87806577e-05
155.0 2.77937853e-05
156.0 1.01459792e-05
157.0 2.85836388e-06
158.0 3.91086376e-06
159.0 8.67625876e-06
160.0 2.00351290e-05
161.0 3.61959682e-05
162.0 4.33947383e-05
163.0 3.59168813e-05
164.0 2.39632863e-05
165.0 1.78559786e-05
166.0 1.82973486e-05
167.0 1.82351874e-05
168.0 1.51840299e-05
169.0 1.82121173e-05
170.0 2.68464664e-05
171.0 2.46816909e-05
172.0 1.07384081e-05
173.0 1.42016204e-06
174.0 1.72732813e-06
175.0 8.15262249e-06
176.0 2.28464737e-05
177.0 5.70284112e-05
178.0 1.31380823e-04
179.0 2.32976019e-04
180.0 2.84350082e-04
