    0.81490E-01   0.84618E-01   0.94003E-01   0.10992       0.13244    
    0.16126       0.19561       0.23370       0.27340       0.31228    
    0.34809       0.37865       0.40291       0.42042       0.43134    
    0.43644       0.43658       0.43276       0.42583       0.41672    
    0.40605       0.39436       0.38202       0.36938       0.35665    
    0.34400       0.33155       0.31937       0.30754       0.29607    
    0.28500       0.27434       0.26410       0.25427       0.24484    
    0.23581       0.22716       0.21888       0.21097       0.20340    
    0.19615       0.18922       0.18259       0.17625       0.17018    
    0.16437       0.15881       0.15348       0.14837       0.14348    
    0.13879       0.13429       0.12997       0.12582       0.12185    
    0.11803       0.11436       0.11083       0.10743       0.10417    
    0.10103       0.98003E-01   0.95092E-01   0.92286E-01   0.89583E-01
    0.86977E-01   0.84465E-01   0.82041E-01   0.79703E-01   0.77446E-01
    0.75268E-01   0.73163E-01   0.71131E-01   0.69166E-01   0.67269E-01
    0.65433E-01   0.63658E-01   0.61941E-01   0.60280E-01   0.58672E-01
    0.57116E-01   0.55609E-01   0.54150E-01   0.52736E-01   0.51367E-01
    0.50039E-01   0.48753E-01   0.47504E-01   0.46295E-01   0.45121E-01
    0.43983E-01   0.42878E-01   0.41806E-01   0.40765E-01   0.39755E-01
    0.38774E-01   0.37821E-01   0.36895E-01   0.35997E-01   0.35122E-01
    0.34273E-01   0.33448E-01   0.32646E-01   0.31865E-01   0.31107E-01
    0.30369E-01   0.29651E-01   0.28952E-01   0.28273E-01   0.27612E-01
    0.26969E-01   0.26342E-01   0.25733E-01   0.25140E-01   0.24561E-01
    0.23998E-01   0.23450E-01   0.22916E-01   0.22395E-01   0.21889E-01
    0.21395E-01   0.20913E-01   0.20444E-01   0.19987E-01   0.19541E-01
    0.19106E-01   0.18683E-01   0.18269E-01   0.17866E-01   0.17473E-01
    0.17090E-01   0.16716E-01   0.16351E-01   0.15994E-01   0.15647E-01
    0.15308E-01   0.14977E-01   0.14654E-01   0.14339E-01   0.14032E-01
    0.13731E-01   0.13438E-01   0.13152E-01   0.12872E-01   0.12599E-01
    0.12332E-01   0.12072E-01   0.11817E-01   0.11569E-01   0.11327E-01
    0.11089E-01   0.10858E-01   0.10631E-01   0.10410E-01   0.10194E-01
    0.99824E-02   0.97759E-02   0.95741E-02   0.93768E-02   0.91839E-02
    0.89954E-02   0.88111E-02   0.86308E-02   0.84547E-02   0.82823E-02
    0.81138E-02   0.79491E-02   0.77879E-02   0.76303E-02   0.74762E-02
    0.73254E-02   0.71779E-02   0.70336E-02   0.68925E-02   0.67544E-02
    0.66193E-02   0.64871E-02   0.63578E-02   0.62312E-02   0.61073E-02
    0.59861E-02   0.58675E-02   0.57514E-02   0.56378E-02   0.55266E-02
    0.54177E-02   0.53112E-02   0.52068E-02   0.51047E-02   0.50048E-02
    0.49069E-02   0.48110E-02   0.47169E-02   0.46251E-02   0.45351E-02
    0.44470E-02   0.43607E-02   0.42762E-02   0.41935E-02   0.41125E-02
    0.40331E-02   0.39554E-02   0.38792E-02   0.38046E-02   0.37316E-02
    0.36600E-02   0.35899E-02   0.35212E-02   0.34539E-02   0.33880E-02
    0.33234E-02   0.32601E-02   0.31981E-02   0.31374E-02   0.30778E-02
    0.30195E-02   0.29623E-02   0.29063E-02   0.28514E-02   0.27976E-02
    0.27448E-02   0.26932E-02   0.26425E-02   0.25928E-02   0.25442E-02
    0.24965E-02   0.24497E-02   0.24039E-02   0.23589E-02   0.23149E-02
    0.22717E-02   0.22294E-02   0.21878E-02   0.21471E-02   0.21072E-02
    0.20681E-02   0.20298E-02   0.19922E-02   0.19553E-02   0.19191E-02
    0.18837E-02   0.18489E-02   0.18148E-02   0.17813E-02   0.17485E-02
    0.17164E-02   0.16848E-02   0.16539E-02   0.16236E-02   0.15938E-02
    0.15646E-02   0.15360E-02   0.15079E-02   0.14804E-02   0.14533E-02
    0.14268E-02   0.14008E-02   0.13753E-02   0.13503E-02   0.13258E-02
    0.13017E-02   0.12781E-02   0.12549E-02   0.12322E-02   0.12099E-02
    0.11880E-02   0.11665E-02   0.11454E-02   0.11248E-02   0.11045E-02
    0.10846E-02   0.10650E-02   0.10459E-02   0.10271E-02   0.10086E-02
    0.99050E-03   0.97273E-03   0.95529E-03   0.93818E-03   0.92138E-03
    0.90490E-03   0.88872E-03   0.87284E-03   0.85726E-03   0.84196E-03
    0.82695E-03   0.81222E-03   0.79776E-03   0.78356E-03   0.76963E-03
    0.75595E-03   0.74253E-03   0.72935E-03   0.71642E-03   0.70372E-03
    0.69125E-03   0.67902E-03   0.66701E-03   0.65522E-03   0.64364E-03
    0.63228E-03   0.62112E-03   0.61017E-03   0.59941E-03   0.58886E-03
    0.57849E-03   0.56831E-03   0.55832E-03   0.54851E-03   0.53888E-03
    0.52942E-03   0.52014E-03   0.51102E-03   0.50207E-03   0.49327E-03
    0.48464E-03   0.47617E-03   0.46784E-03   0.45967E-03   0.45164E-03
    0.44376E-03   0.43602E-03   0.42842E-03   0.42096E-03   0.41363E-03
    0.40643E-03   0.39936E-03   0.39242E-03   0.38560E-03   0.37890E-03
    0.37232E-03   0.36587E-03   0.35952E-03   0.35329E-03   0.34717E-03
    0.34116E-03   0.33526E-03   0.32946E-03   0.32376E-03   0.31817E-03
    0.31267E-03   0.30728E-03   0.30198E-03   0.29677E-03   0.29165E-03
    0.28663E-03   0.28169E-03   0.27685E-03   0.27208E-03   0.26740E-03
    0.26281E-03   0.25829E-03   0.25386E-03   0.24950E-03   0.24522E-03
    0.24102E-03   0.23689E-03   0.23283E-03   0.22884E-03   0.22492E-03
    0.22108E-03   0.21730E-03   0.21358E-03   0.20993E-03   0.20635E-03
    0.20282E-03   0.19936E-03   0.19596E-03   0.19262E-03   0.18934E-03
    0.18611E-03   0.18294E-03   0.17983E-03   0.17677E-03   0.17376E-03
    0.17081E-03   0.16791E-03   0.16506E-03   0.16225E-03   0.15950E-03
    0.15679E-03   0.15414E-03   0.15152E-03   0.14896E-03   0.14643E-03
    0.14395E-03   0.14152E-03   0.13912E-03   0.13677E-03   0.13446E-03
    0.13219E-03   0.12995E-03   0.12776E-03   0.12560E-03   0.12348E-03
    0.12140E-03   0.11935E-03   0.11734E-03   0.11537E-03   0.11342E-03
    0.11151E-03   0.10964E-03   0.10779E-03   0.10598E-03   0.10420E-03
    0.10245E-03   0.10073E-03   0.99035E-04   0.97372E-04   0.95738E-04
    0.94132E-04   0.92554E-04   0.91002E-04   0.89477E-04   0.87979E-04
    0.86505E-04   0.85057E-04   0.83634E-04   0.82235E-04   0.80859E-04
    0.79508E-04   0.78179E-04   0.76873E-04   0.75589E-04   0.74327E-04
    0.73087E-04   0.71867E-04   0.70668E-04   0.69490E-04   0.68332E-04
    0.67193E-04   0.66074E-04   0.64974E-04   0.63892E-04   0.62829E-04
    0.61784E-04   0.60756E-04   0.59746E-04   0.58753E-04   0.57777E-04
    0.56817E-04   0.55873E-04   0.54946E-04   0.54034E-04   0.53138E-04
    0.52256E-04   0.51390E-04   0.50538E-04   0.49701E-04   0.48877E-04
    0.48068E-04   0.47272E-04   0.46490E-04   0.45720E-04   0.44964E-04
    0.44220E-04   0.43489E-04   0.42771E-04   0.42064E-04   0.41369E-04
    0.40686E-04   0.40014E-04   0.39354E-04   0.38705E-04   0.38066E-04
    0.37438E-04   0.36821E-04   0.36214E-04   0.35618E-04   0.35031E-04
    0.34454E-04   0.33887E-04   0.33329E-04   0.32781E-04   0.32241E-04
    0.31711E-04   0.31190E-04   0.30677E-04   0.30173E-04   0.29677E-04
    0.29190E-04   0.28711E-04   0.28239E-04   0.27776E-04   0.27320E-04
    0.26872E-04   0.26431E-04   0.25998E-04   0.25572E-04   0.25153E-04
    0.24741E-04   0.24336E-04   0.23937E-04   0.23545E-04   0.23160E-04
    0.22781E-04   0.22408E-04   0.22042E-04   0.21681E-04   0.21327E-04
    0.20979E-04   0.20636E-04   0.20299E-04   0.19967E-04   0.19641E-04
    0.19321E-04   0.19005E-04   0.18695E-04   0.18390E-04   0.18090E-04
    0.17796E-04   0.17505E-04   0.17220E-04   0.16940E-04   0.16664E-04
    0.16392E-04   0.16126E-04   0.15863E-04   0.15605E-04   0.15351E-04
    0.15101E-04   0.14856E-04   0.14614E-04   0.14377E-04   0.14143E-04
    0.13913E-04   0.13687E-04   0.13465E-04   0.13246E-04   0.13031E-04
    0.12820E-04   0.12612E-04   0.12407E-04   0.12206E-04   0.12008E-04
    0.11813E-04   0.11622E-04   0.11433E-04   0.11248E-04   0.11066E-04
    0.10887E-04   0.10710E-04   0.10537E-04   0.10366E-04   0.10199E-04
    0.10034E-04   0.98714E-05   0.97117E-05   0.95547E-05   0.94002E-05
    0.92483E-05   0.90989E-05   0.89519E-05   0.88073E-05   0.86650E-05
    0.85251E-05   0.83875E-05   0.82521E-05   0.81189E-05   0.79880E-05
    0.78591E-05   0.77324E-05   0.76077E-05   0.74850E-05   0.73644E-05
    0.72457E-05   0.71290E-05   0.70141E-05   0.69011E-05   0.67900E-05
    0.66807E-05   0.65732E-05   0.64674E-05   0.63633E-05   0.62609E-05
    0.61602E-05   0.60612E-05   0.59637E-05   0.58678E-05   0.57735E-05
    0.56807E-05   0.55895E-05   0.54997E-05   0.54113E-05   0.53244E-05
    0.52390E-05   0.51549E-05   0.50721E-05   0.49907E-05   0.49107E-05
    0.48319E-05   0.47544E-05   0.46781E-05   0.46031E-05   0.45294E-05
    0.44568E-05   0.43853E-05   0.43151E-05   0.42460E-05   0.41780E-05
    0.41111E-05   0.40452E-05   0.39805E-05   0.39168E-05   0.38541E-05
    0.37924E-05   0.37318E-05   0.36721E-05   0.36133E-05   0.35556E-05
    0.34987E-05   0.34428E-05   0.33878E-05   0.33337E-05   0.32804E-05
    0.32280E-05   0.31764E-05   0.31257E-05   0.30758E-05   0.30267E-05
    0.29784E-05   0.29309E-05   0.28841E-05   0.28381E-05   0.27928E-05
    0.27483E-05   0.27045E-05   0.26614E-05   0.26189E-05   0.25772E-05
    0.25361E-05   0.24957E-05   0.24560E-05   0.24168E-05   0.23784E-05
    0.23405E-05   0.23032E-05   0.22666E-05   0.22305E-05   0.21950E-05
    0.21601E-05
     2408.0        2345.8        2158.0        1876.0        1541.7    
     1196.0        869.10        584.47        351.20        171.85    
     43.891       -40.600       -90.118       -113.76       -119.46    
    -114.94       -104.84       -92.516       -79.976       -68.452    
    -58.323       -49.678       -42.432       -36.379       -31.332    
    -27.113       -23.574       -20.573       -18.018       -15.827    
    -13.944       -12.311       -10.892       -9.6550       -8.5757    
    -7.6291       -6.7984       -6.0684       -5.4264       -4.8599    
    -4.3597       -3.9174       -3.5263       -3.1791       -2.8707    
    -2.5965       -2.3525       -2.1345       -1.9397       -1.7653    
    -1.6091       -1.4687       -1.3424       -1.2285       -1.1260    
    -1.0331      -0.94907      -0.87287      -0.80374      -0.74085    
   -0.68357      -0.63135      -0.58370      -0.54012      -0.50022    
   -0.46367      -0.43016      -0.39936      -0.37104      -0.34497    
   -0.32098      -0.29884      -0.27841      -0.25953      -0.24208    
   -0.22593      -0.21097      -0.19710      -0.18424      -0.17231    
   -0.16122      -0.15092      -0.14135      -0.13242      -0.12412    
   -0.11638      -0.10917      -0.10244      -0.96165E-01  -0.90303E-01
   -0.84829E-01  -0.79711E-01  -0.74926E-01  -0.70450E-01  -0.66262E-01
   -0.62340E-01  -0.58667E-01  -0.55225E-01  -0.52001E-01  -0.48976E-01
   -0.46139E-01  -0.43476E-01  -0.40978E-01  -0.38631E-01  -0.36428E-01
   -0.34357E-01  -0.32411E-01  -0.30582E-01  -0.28861E-01  -0.27243E-01
   -0.25721E-01  -0.24287E-01  -0.22939E-01  -0.21668E-01  -0.20472E-01
   -0.19345E-01  -0.18283E-01  -0.17282E-01  -0.16338E-01  -0.15449E-01
   -0.14610E-01  -0.13818E-01  -0.13072E-01  -0.12367E-01  -0.11702E-01
   -0.11074E-01  -0.10481E-01  -0.99213E-02  -0.93925E-02  -0.88929E-02
   -0.84211E-02  -0.79750E-02  -0.75535E-02  -0.71551E-02  -0.67784E-02
   -0.64222E-02  -0.60853E-02  -0.57667E-02  -0.54654E-02  -0.51803E-02
   -0.49104E-02  -0.46551E-02  -0.44135E-02  -0.41848E-02  -0.39683E-02
   -0.37633E-02  -0.35692E-02  -0.33853E-02  -0.32112E-02  -0.30463E-02
   -0.28901E-02  -0.27421E-02  -0.26018E-02  -0.24690E-02  -0.23430E-02
   -0.22236E-02  -0.21105E-02  -0.20032E-02  -0.19016E-02  -0.18052E-02
   -0.17137E-02  -0.16270E-02  -0.15448E-02  -0.14668E-02  -0.13928E-02
   -0.13227E-02  -0.12561E-02  -0.11929E-02  -0.11330E-02  -0.10762E-02
   -0.10222E-02  -0.97099E-03  -0.92238E-03  -0.87624E-03  -0.83246E-03
   -0.79089E-03  -0.75142E-03  -0.71395E-03  -0.67837E-03  -0.64459E-03
   -0.61251E-03  -0.58205E-03  -0.55312E-03  -0.52565E-03  -0.49955E-03
   -0.47475E-03  -0.45121E-03  -0.42884E-03  -0.40759E-03  -0.38740E-03
   -0.36822E-03  -0.35000E-03  -0.33270E-03  -0.31626E-03  -0.30064E-03
   -0.28580E-03  -0.27169E-03  -0.25830E-03  -0.24557E-03  -0.23347E-03
   -0.22197E-03  -0.21105E-03  -0.20066E-03  -0.19080E-03  -0.18142E-03
   -0.17251E-03  -0.16404E-03  -0.15599E-03  -0.14833E-03  -0.14106E-03
   -0.13415E-03  -0.12757E-03  -0.12133E-03  -0.11539E-03  -0.10974E-03
   -0.10437E-03  -0.99272E-04  -0.94421E-04  -0.89809E-04  -0.85424E-04
   -0.81255E-04  -0.77290E-04  -0.73521E-04  -0.69937E-04  -0.66529E-04
   -0.63288E-04  -0.60207E-04  -0.57276E-04  -0.54490E-04  -0.51839E-04
   -0.49319E-04  -0.46922E-04  -0.44643E-04  -0.42474E-04  -0.40412E-04
   -0.38451E-04  -0.36586E-04  -0.34812E-04  -0.33124E-04  -0.31519E-04
   -0.29992E-04  -0.28539E-04  -0.27158E-04  -0.25843E-04  -0.24593E-04
   -0.23404E-04  -0.22272E-04  -0.21196E-04  -0.20172E-04  -0.19197E-04
   -0.18270E-04  -0.17388E-04  -0.16549E-04  -0.15751E-04  -0.14991E-04
   -0.14269E-04  -0.13581E-04  -0.12927E-04  -0.12304E-04  -0.11711E-04
   -0.11148E-04  -0.10611E-04  -0.10101E-04  -0.96149E-05  -0.91526E-05
   -0.87126E-05  -0.82939E-05  -0.78955E-05  -0.75163E-05  -0.71554E-05
   -0.68119E-05  -0.64850E-05  -0.61738E-05  -0.58777E-05  -0.55959E-05
   -0.53276E-05  -0.50723E-05  -0.48293E-05  -0.45979E-05  -0.43778E-05
   -0.41682E-05  -0.39687E-05  -0.37787E-05  -0.35980E-05  -0.34259E-05
   -0.32621E-05  -0.31061E-05  -0.29577E-05  -0.28164E-05  -0.26818E-05
   -0.25537E-05  -0.24318E-05  -0.23157E-05  -0.22052E-05  -0.21000E-05
   -0.19998E-05  -0.19044E-05  -0.18136E-05  -0.17272E-05  -0.16449E-05
   -0.15665E-05  -0.14919E-05  -0.14208E-05  -0.13531E-05  -0.12887E-05
   -0.12274E-05  -0.11690E-05  -0.11134E-05  -0.10604E-05  -0.10100E-05
   -0.96196E-06  -0.91623E-06  -0.87269E-06  -0.83122E-06  -0.79173E-06
   -0.75413E-06  -0.71831E-06  -0.68421E-06  -0.65173E-06  -0.62080E-06
   -0.59134E-06  -0.56329E-06  -0.53657E-06  -0.51113E-06  -0.48689E-06
   -0.46381E-06  -0.44183E-06  -0.42089E-06  -0.40095E-06  -0.38196E-06
   -0.36387E-06  -0.34664E-06  -0.33023E-06  -0.31460E-06  -0.29971E-06
   -0.28553E-06  -0.27202E-06  -0.25916E-06  -0.24690E-06  -0.23523E-06
   -0.22411E-06  -0.21351E-06  -0.20342E-06  -0.19381E-06  -0.18466E-06
   -0.17593E-06  -0.16763E-06  -0.15971E-06  -0.15217E-06  -0.14499E-06
   -0.13815E-06  -0.13163E-06  -0.12542E-06  -0.11950E-06  -0.11387E-06
   -0.10850E-06  -0.10338E-06  -0.98507E-07  -0.93864E-07  -0.89441E-07
   -0.85227E-07  -0.81212E-07  -0.77386E-07  -0.73742E-07  -0.70269E-07
   -0.66961E-07  -0.63809E-07  -0.60806E-07  -0.57944E-07  -0.55218E-07
   -0.52620E-07  -0.50145E-07  -0.47786E-07  -0.45539E-07  -0.43398E-07
   -0.41358E-07  -0.39414E-07  -0.37561E-07  -0.35796E-07  -0.34114E-07
   -0.32512E-07  -0.30985E-07  -0.29529E-07  -0.28143E-07  -0.26821E-07
   -0.25562E-07  -0.24362E-07  -0.23219E-07  -0.22129E-07  -0.21091E-07
   -0.20102E-07  -0.19159E-07  -0.18260E-07  -0.17404E-07  -0.16588E-07
   -0.15810E-07  -0.15069E-07  -0.14363E-07  -0.13690E-07  -0.13048E-07
   -0.12437E-07  -0.11854E-07  -0.11299E-07  -0.10770E-07  -0.10265E-07
   -0.97847E-08  -0.93266E-08  -0.88900E-08  -0.84739E-08  -0.80773E-08
   -0.76994E-08  -0.73391E-08  -0.69958E-08  -0.66685E-08  -0.63566E-08
   -0.60594E-08  -0.57760E-08  -0.55060E-08  -0.52486E-08  -0.50032E-08
   -0.47694E-08  -0.45465E-08  -0.43340E-08  -0.41315E-08  -0.39385E-08
   -0.37545E-08  -0.35792E-08  -0.34120E-08  -0.32527E-08  -0.31008E-08
   -0.29561E-08  -0.28181E-08  -0.26865E-08  -0.25612E-08  -0.24416E-08
   -0.23277E-08  -0.22191E-08  -0.21156E-08  -0.20169E-08  -0.19228E-08
   -0.18332E-08  -0.17477E-08  -0.16662E-08  -0.15885E-08  -0.15145E-08
   -0.14439E-08  -0.13766E-08  -0.13124E-08  -0.12513E-08  -0.11930E-08
   -0.11374E-08  -0.10844E-08  -0.10339E-08  -0.98576E-09  -0.93985E-09
   -0.89609E-09  -0.85437E-09  -0.81459E-09  -0.77667E-09  -0.74052E-09
   -0.70606E-09  -0.67320E-09  -0.64188E-09  -0.61201E-09  -0.58354E-09
   -0.55639E-09  -0.53051E-09  -0.50584E-09  -0.48231E-09  -0.45989E-09
   -0.43850E-09  -0.41812E-09  -0.39868E-09  -0.38015E-09  -0.36248E-09
   -0.34563E-09  -0.32957E-09  -0.31426E-09  -0.29965E-09  -0.28573E-09
   -0.27246E-09  -0.25980E-09  -0.24774E-09  -0.23623E-09  -0.22526E-09
   -0.21480E-09  -0.20483E-09  -0.19532E-09  -0.18625E-09  -0.17761E-09
   -0.16936E-09  -0.16150E-09  -0.15401E-09  -0.14686E-09  -0.14005E-09
   -0.13355E-09  -0.12736E-09  -0.12145E-09  -0.11581E-09  -0.11044E-09
   -0.10532E-09  -0.10044E-09  -0.95781E-10  -0.91340E-10  -0.87105E-10
   -0.83068E-10  -0.79217E-10  -0.75546E-10  -0.72044E-10  -0.68706E-10
   -0.65522E-10  -0.62486E-10  -0.59591E-10  -0.56831E-10  -0.54198E-10
   -0.51688E-10  -0.49294E-10  -0.47011E-10  -0.44834E-10  -0.42758E-10
   -0.40778E-10  -0.38890E-10  -0.37090E-10  -0.35373E-10  -0.33736E-10
   -0.32174E-10  -0.30685E-10  -0.29265E-10  -0.27911E-10  -0.26619E-10
   -0.25388E-10  -0.24213E-10  -0.23093E-10  -0.22025E-10  -0.21006E-10
   -0.20035E-10  -0.19108E-10  -0.18225E-10  -0.17382E-10  -0.16578E-10
   -0.15812E-10  -0.15081E-10  -0.14384E-10  -0.13719E-10  -0.13085E-10
   -0.12480E-10  -0.11903E-10  -0.11353E-10  -0.10829E-10  -0.10328E-10
   -0.98511E-11  -0.93960E-11  -0.89619E-11  -0.85480E-11  -0.81532E-11
   -0.77766E-11  -0.74175E-11  -0.70749E-11  -0.67482E-11  -0.64366E-11
   -0.61395E-11  -0.58560E-11  -0.55857E-11  -0.53278E-11  -0.50819E-11
   -0.48474E-11  -0.46237E-11  -0.44103E-11  -0.42068E-11  -0.40126E-11
   -0.38275E-11  -0.36509E-11  -0.34825E-11  -0.33218E-11  -0.31686E-11
   -0.30224E-11  -0.28830E-11  -0.27501E-11  -0.26233E-11  -0.25023E-11
   -0.23869E-11  -0.22768E-11  -0.21719E-11  -0.20717E-11  -0.19762E-11
   -0.18851E-11  -0.17982E-11  -0.17154E-11  -0.16363E-11  -0.15609E-11
   -0.14890E-11  -0.14203E-11  -0.13549E-11  -0.12925E-11  -0.12329E-11
   -0.11761E-11  -0.11219E-11  -0.10703E-11  -0.10210E-11  -0.97394E-12
   -0.92908E-12  -0.88630E-12  -0.84548E-12  -0.80655E-12  -0.76941E-12
   -0.73399E-12  -0.70019E-12  -0.66796E-12  -0.63721E-12  -0.60787E-12
   -0.57989E-12  -0.55320E-12  -0.52774E-12  -0.50345E-12  -0.48029E-12
   -0.45818E-12  -0.43710E-12  -0.41699E-12  -0.39780E-12  -0.37950E-12
   -0.36204E-12  -0.34539E-12  -0.32950E-12  -0.31434E-12  -0.29989E-12
   -0.28609E-12  -0.27294E-12  -0.26038E-12  -0.24841E-12  -0.23699E-12
   -0.22609E-12  -0.21570E-12  -0.20578E-12  -0.19632E-12  -0.18729E-12
   -0.17868E-12  -0.17047E-12  -0.16263E-12  -0.15516E-12  -0.14803E-12
   -0.14123E-12
     0.0000       0.80162E-02   0.29972E-01   0.63860E-01   0.10918    
    0.16527       0.23076       0.30227       0.37582       0.44681    
    0.51104       0.56467       0.60590       0.63416       0.64992    
    0.65476       0.65043       0.63882       0.62164       0.60068    
    0.57715       0.55209       0.52628       0.50040       0.47487    
    0.44997       0.42592       0.40286       0.38088       0.35999    
    0.34020       0.32150       0.30386       0.28724       0.27160    
    0.25689       0.24305       0.23003       0.21781       0.20631    
    0.19550       0.18534       0.17578       0.16678       0.15831    
    0.15033       0.14283       0.13576       0.12909       0.12280    
    0.11687       0.11127       0.10599       0.10099       0.96278E-01
    0.91816E-01   0.87597E-01   0.83604E-01   0.79825E-01   0.76245E-01
    0.72854E-01   0.69638E-01   0.66590E-01   0.63698E-01   0.60953E-01
    0.58346E-01   0.55871E-01   0.53519E-01   0.51283E-01   0.49157E-01
    0.47135E-01   0.45209E-01   0.43376E-01   0.41631E-01   0.39967E-01
    0.38382E-01   0.36871E-01   0.35429E-01   0.34054E-01   0.32740E-01
    0.31488E-01   0.30291E-01   0.29147E-01   0.28054E-01   0.27009E-01
    0.26010E-01   0.25054E-01   0.24139E-01   0.23264E-01   0.22425E-01
    0.21623E-01   0.20853E-01   0.20116E-01   0.19409E-01   0.18731E-01
    0.18082E-01   0.17458E-01   0.16859E-01   0.16285E-01   0.15734E-01
    0.15204E-01   0.14695E-01   0.14205E-01   0.13736E-01   0.13284E-01
    0.12849E-01   0.12431E-01   0.12029E-01   0.11642E-01   0.11270E-01
    0.10910E-01   0.10566E-01   0.10233E-01   0.99120E-02   0.96032E-02
    0.93055E-02   0.90185E-02   0.87418E-02   0.84750E-02   0.82175E-02
    0.79691E-02   0.77294E-02   0.74980E-02   0.72746E-02   0.70590E-02
    0.68507E-02   0.66495E-02   0.64551E-02   0.62672E-02   0.60857E-02
    0.59102E-02   0.57405E-02   0.55764E-02   0.54177E-02   0.52642E-02
    0.51157E-02   0.49720E-02   0.48328E-02   0.46982E-02   0.45680E-02
    0.44417E-02   0.43195E-02   0.42011E-02   0.40864E-02   0.39754E-02
    0.38677E-02   0.37633E-02   0.36622E-02   0.35642E-02   0.34691E-02
    0.33770E-02   0.32876E-02   0.32009E-02   0.31168E-02   0.30352E-02
    0.29560E-02   0.28791E-02   0.28045E-02   0.27321E-02   0.26618E-02
    0.25935E-02   0.25273E-02   0.24629E-02   0.24004E-02   0.23396E-02
    0.22806E-02   0.22233E-02   0.21676E-02   0.21134E-02   0.20608E-02
    0.20097E-02   0.19599E-02   0.19116E-02   0.18645E-02   0.18188E-02
    0.17744E-02   0.17311E-02   0.16890E-02   0.16481E-02   0.16082E-02
    0.15695E-02   0.15317E-02   0.14950E-02   0.14593E-02   0.14245E-02
    0.13907E-02   0.13577E-02   0.13256E-02   0.12943E-02   0.12639E-02
    0.12342E-02   0.12054E-02   0.11772E-02   0.11498E-02   0.11231E-02
    0.10971E-02   0.10717E-02   0.10470E-02   0.10230E-02   0.99953E-03
    0.97667E-03   0.95438E-03   0.93266E-03   0.91147E-03   0.89082E-03
    0.87068E-03   0.85105E-03   0.83190E-03   0.81322E-03   0.79500E-03
    0.77723E-03   0.75989E-03   0.74298E-03   0.72647E-03   0.71037E-03
    0.69466E-03   0.67933E-03   0.66437E-03   0.64977E-03   0.63552E-03
    0.62160E-03   0.60802E-03   0.59477E-03   0.58183E-03   0.56919E-03
    0.55685E-03   0.54481E-03   0.53304E-03   0.52155E-03   0.51033E-03
    0.49938E-03   0.48867E-03   0.47822E-03   0.46801E-03   0.45803E-03
    0.44829E-03   0.43876E-03   0.42946E-03   0.42037E-03   0.41149E-03
    0.40281E-03   0.39433E-03   0.38604E-03   0.37794E-03   0.37002E-03
    0.36228E-03   0.35471E-03   0.34732E-03   0.34009E-03   0.33302E-03
    0.32611E-03   0.31935E-03   0.31275E-03   0.30629E-03   0.29997E-03
    0.29380E-03   0.28776E-03   0.28185E-03   0.27607E-03   0.27042E-03
    0.26490E-03   0.25949E-03   0.25420E-03   0.24903E-03   0.24397E-03
    0.23902E-03   0.23418E-03   0.22944E-03   0.22480E-03   0.22027E-03
    0.21583E-03   0.21149E-03   0.20724E-03   0.20308E-03   0.19901E-03
    0.19503E-03   0.19113E-03   0.18731E-03   0.18358E-03   0.17992E-03
    0.17634E-03   0.17284E-03   0.16941E-03   0.16606E-03   0.16277E-03
    0.15956E-03   0.15641E-03   0.15332E-03   0.15030E-03   0.14735E-03
    0.14445E-03   0.14162E-03   0.13884E-03   0.13613E-03   0.13346E-03
    0.13086E-03   0.12830E-03   0.12580E-03   0.12336E-03   0.12096E-03
    0.11861E-03   0.11631E-03   0.11405E-03   0.11185E-03   0.10968E-03
    0.10757E-03   0.10549E-03   0.10346E-03   0.10147E-03   0.99514E-04
    0.97602E-04   0.95729E-04   0.93893E-04   0.92095E-04   0.90333E-04
    0.88606E-04   0.86914E-04   0.85256E-04   0.83631E-04   0.82039E-04
    0.80479E-04   0.78949E-04   0.77450E-04   0.75982E-04   0.74542E-04
    0.73131E-04   0.71748E-04   0.70392E-04   0.69063E-04   0.67761E-04
    0.66484E-04   0.65233E-04   0.64006E-04   0.62803E-04   0.61624E-04
    0.60468E-04   0.59335E-04   0.58224E-04   0.57135E-04   0.56067E-04
    0.55020E-04   0.53993E-04   0.52986E-04   0.51999E-04   0.51032E-04
    0.50083E-04   0.49152E-04   0.48240E-04   0.47345E-04   0.46467E-04
    0.45607E-04   0.44763E-04   0.43935E-04   0.43123E-04   0.42327E-04
    0.41546E-04   0.40781E-04   0.40030E-04   0.39293E-04   0.38570E-04
    0.37862E-04   0.37167E-04   0.36485E-04   0.35816E-04   0.35160E-04
    0.34516E-04   0.33885E-04   0.33266E-04   0.32658E-04   0.32062E-04
    0.31477E-04   0.30904E-04   0.30341E-04   0.29789E-04   0.29247E-04
    0.28715E-04   0.28194E-04   0.27682E-04   0.27180E-04   0.26688E-04
    0.26204E-04   0.25730E-04   0.25265E-04   0.24808E-04   0.24360E-04
    0.23921E-04   0.23489E-04   0.23066E-04   0.22650E-04   0.22242E-04
    0.21842E-04   0.21450E-04   0.21064E-04   0.20686E-04   0.20315E-04
    0.19951E-04   0.19593E-04   0.19242E-04   0.18898E-04   0.18560E-04
    0.18228E-04   0.17902E-04   0.17583E-04   0.17269E-04   0.16961E-04
    0.16659E-04   0.16362E-04   0.16071E-04   0.15785E-04   0.15504E-04
    0.15229E-04   0.14959E-04   0.14693E-04   0.14432E-04   0.14177E-04
    0.13925E-04   0.13679E-04   0.13437E-04   0.13199E-04   0.12966E-04
    0.12737E-04   0.12512E-04   0.12291E-04   0.12074E-04   0.11861E-04
    0.11652E-04   0.11447E-04   0.11246E-04   0.11048E-04   0.10854E-04
    0.10663E-04   0.10476E-04   0.10292E-04   0.10111E-04   0.99341E-05
    0.97600E-05   0.95890E-05   0.94211E-05   0.92563E-05   0.90944E-05
    0.89354E-05   0.87793E-05   0.86260E-05   0.84754E-05   0.83276E-05
    0.81824E-05   0.80398E-05   0.78997E-05   0.77622E-05   0.76271E-05
    0.74944E-05   0.73641E-05   0.72362E-05   0.71105E-05   0.69870E-05
    0.68658E-05   0.67467E-05   0.66297E-05   0.65149E-05   0.64020E-05
    0.62912E-05   0.61823E-05   0.60754E-05   0.59704E-05   0.58672E-05
    0.57658E-05   0.56663E-05   0.55685E-05   0.54725E-05   0.53781E-05
    0.52854E-05   0.51944E-05   0.51049E-05   0.50170E-05   0.49307E-05
    0.48459E-05   0.47626E-05   0.46808E-05   0.46004E-05   0.45214E-05
    0.44438E-05   0.43676E-05   0.42927E-05   0.42192E-05   0.41469E-05
    0.40759E-05   0.40061E-05   0.39375E-05   0.38702E-05   0.38040E-05
    0.37390E-05   0.36751E-05   0.36124E-05   0.35507E-05   0.34901E-05
    0.34306E-05   0.33721E-05   0.33147E-05   0.32582E-05   0.32027E-05
    0.31482E-05   0.30946E-05   0.30420E-05   0.29903E-05   0.29394E-05
    0.28895E-05   0.28404E-05   0.27922E-05   0.27448E-05   0.26982E-05
    0.26525E-05   0.26075E-05   0.25633E-05   0.25199E-05   0.24772E-05
    0.24353E-05   0.23941E-05   0.23536E-05   0.23138E-05   0.22747E-05
    0.22363E-05   0.21985E-05   0.21614E-05   0.21249E-05   0.20890E-05
    0.20538E-05   0.20192E-05   0.19851E-05   0.19517E-05   0.19188E-05
    0.18865E-05   0.18547E-05   0.18235E-05   0.17929E-05   0.17627E-05
    0.17331E-05   0.17040E-05   0.16753E-05   0.16472E-05   0.16195E-05
    0.15924E-05   0.15657E-05   0.15394E-05   0.15136E-05   0.14882E-05
    0.14633E-05   0.14388E-05   0.14147E-05   0.13910E-05   0.13677E-05
    0.13449E-05   0.13224E-05   0.13003E-05   0.12785E-05   0.12572E-05
    0.12362E-05   0.12155E-05   0.11952E-05   0.11753E-05   0.11557E-05
    0.11364E-05   0.11175E-05   0.10988E-05   0.10805E-05   0.10625E-05
    0.10448E-05   0.10275E-05   0.10104E-05   0.99355E-06   0.97702E-06
    0.96078E-06   0.94481E-06   0.92911E-06   0.91368E-06   0.89850E-06
    0.88358E-06   0.86892E-06   0.85450E-06   0.84033E-06   0.82639E-06
    0.81269E-06   0.79922E-06   0.78598E-06   0.77296E-06   0.76016E-06
    0.74757E-06   0.73520E-06   0.72303E-06   0.71107E-06   0.69931E-06
    0.68775E-06   0.67638E-06   0.66521E-06   0.65422E-06   0.64341E-06
    0.63279E-06   0.62234E-06   0.61207E-06   0.60197E-06   0.59205E-06
    0.58228E-06   0.57268E-06   0.56325E-06   0.55397E-06   0.54484E-06
    0.53587E-06   0.52705E-06   0.51837E-06   0.50984E-06   0.50145E-06
    0.49321E-06   0.48510E-06   0.47712E-06   0.46928E-06   0.46157E-06
    0.45399E-06   0.44653E-06   0.43920E-06   0.43199E-06   0.42490E-06
    0.41793E-06   0.41108E-06   0.40434E-06   0.39771E-06   0.39119E-06
    0.38478E-06   0.37848E-06   0.37228E-06   0.36618E-06   0.36019E-06
    0.35429E-06   0.34849E-06   0.34279E-06   0.33719E-06   0.33167E-06
    0.32625E-06   0.32092E-06   0.31568E-06   0.31052E-06   0.30545E-06
    0.30046E-06
     1763.5       -7218.3       -1823.8       -787.64       -451.01    
    -380.95       -422.11       -490.77       -554.50       -596.35    
    -611.13       -601.45       -572.89       -531.87       -484.02    
    -434.61       -386.57       -341.81       -301.32       -265.44    
    -234.02       -206.74       -183.19       -162.82       -145.25    
    -130.05       -116.90       -105.45       -95.457       -86.701    
    -79.008       -72.201       -66.161       -60.779       -55.971    
    -51.649       -47.755       -44.234       -41.045       -38.141    
    -35.494       -33.075       -30.859       -28.824       -26.953    
    -25.228       -23.635       -22.163       -20.799       -19.536    
    -18.362       -17.270       -16.254       -15.308       -14.425    
    -13.600       -12.830       -12.109       -11.434       -10.802    
    -10.209       -9.6527       -9.1302       -8.6392       -8.1775    
    -7.7431       -7.3341       -6.9489       -6.5858       -6.2434    
    -5.9204       -5.6155       -5.3277       -5.0557       -4.7988    
    -4.5558       -4.3259       -4.1086       -3.9028       -3.7079    
    -3.5234       -3.3487       -3.1830       -3.0261       -2.8772    
    -2.7361       -2.6022       -2.4752       -2.3546       -2.2402    
    -2.1315       -2.0284       -1.9304       -1.8374       -1.7489    
    -1.6649       -1.5850       -1.5091       -1.4370       -1.3683    
    -1.3031       -1.2410       -1.1820       -1.1259       -1.0725    
    -1.0216      -0.97328      -0.92725      -0.88344      -0.84173    
   -0.80204      -0.76425      -0.72826      -0.69400      -0.66137    
   -0.63030      -0.60070      -0.57252      -0.54567      -0.52010    
   -0.49573      -0.47253      -0.45041      -0.42934      -0.40926    
   -0.39014      -0.37190      -0.35453      -0.33798      -0.32219    
   -0.30716      -0.29283      -0.27916      -0.26613      -0.25372    
   -0.24189      -0.23061      -0.21985      -0.20960      -0.19983    
   -0.19051      -0.18163      -0.17315      -0.16507      -0.15737    
   -0.15003      -0.14303      -0.13635      -0.12998      -0.12391    
   -0.11812      -0.11260      -0.10733      -0.10231      -0.97524E-01
   -0.92958E-01  -0.88603E-01  -0.84449E-01  -0.80489E-01  -0.76710E-01
   -0.73108E-01  -0.69672E-01  -0.66395E-01  -0.63269E-01  -0.60288E-01
   -0.57445E-01  -0.54734E-01  -0.52148E-01  -0.49681E-01  -0.47328E-01
   -0.45084E-01  -0.42944E-01  -0.40903E-01  -0.38957E-01  -0.37100E-01
   -0.35329E-01  -0.33640E-01  -0.32030E-01  -0.30493E-01  -0.29028E-01
   -0.27631E-01  -0.26297E-01  -0.25027E-01  -0.23815E-01  -0.22658E-01
   -0.21556E-01  -0.20504E-01  -0.19502E-01  -0.18545E-01  -0.17633E-01
   -0.16763E-01  -0.15934E-01  -0.15191E-01  -0.14456E-01  -0.13756E-01
   -0.13091E-01  -0.12458E-01  -0.11857E-01  -0.11284E-01  -0.10739E-01
   -0.10221E-01  -0.97286E-02  -0.92597E-02  -0.88137E-02  -0.83894E-02
   -0.79857E-02  -0.76016E-02  -0.72361E-02  -0.68884E-02  -0.65575E-02
   -0.62427E-02  -0.59431E-02  -0.56580E-02  -0.53867E-02  -0.51286E-02
   -0.48829E-02  -0.46491E-02  -0.44266E-02  -0.42148E-02  -0.40132E-02
   -0.38214E-02  -0.36388E-02  -0.34650E-02  -0.32995E-02  -0.31421E-02
   -0.29922E-02  -0.28495E-02  -0.27136E-02  -0.25843E-02  -0.24612E-02
   -0.23440E-02  -0.22325E-02  -0.21263E-02  -0.20251E-02  -0.19288E-02
   -0.18372E-02  -0.17499E-02  -0.16668E-02  -0.15877E-02  -0.15123E-02
   -0.14406E-02  -0.13722E-02  -0.13072E-02  -0.12452E-02  -0.11862E-02
   -0.11301E-02  -0.10766E-02  -0.10256E-02  -0.97709E-03  -0.93087E-03
   -0.88686E-03  -0.84494E-03  -0.80502E-03  -0.76699E-03  -0.73077E-03
   -0.69627E-03  -0.66342E-03  -0.63212E-03  -0.60230E-03  -0.57391E-03
   -0.54686E-03  -0.52109E-03  -0.49654E-03  -0.47316E-03  -0.45088E-03
   -0.42966E-03  -0.40944E-03  -0.39018E-03  -0.37184E-03  -0.35436E-03
   -0.33770E-03  -0.32183E-03  -0.30672E-03  -0.29231E-03  -0.27859E-03
   -0.26552E-03  -0.25306E-03  -0.24119E-03  -0.22988E-03  -0.21910E-03
   -0.20883E-03  -0.19904E-03  -0.18972E-03  -0.18083E-03  -0.17237E-03
   -0.16430E-03  -0.15661E-03  -0.14928E-03  -0.14230E-03  -0.13564E-03
   -0.12930E-03  -0.12326E-03  -0.11750E-03  -0.11201E-03  -0.10678E-03
   -0.10179E-03  -0.97037E-04  -0.92508E-04  -0.88191E-04  -0.84076E-04
   -0.80155E-04  -0.76417E-04  -0.72854E-04  -0.69458E-04  -0.66221E-04
   -0.63136E-04  -0.60195E-04  -0.57392E-04  -0.54719E-04  -0.52172E-04
   -0.49744E-04  -0.47429E-04  -0.45223E-04  -0.43119E-04  -0.41114E-04
   -0.39203E-04  -0.37380E-04  -0.35643E-04  -0.33987E-04  -0.32408E-04
   -0.30903E-04  -0.29468E-04  -0.28100E-04  -0.26796E-04  -0.25552E-04
   -0.24367E-04  -0.23236E-04  -0.22159E-04  -0.21131E-04  -0.20151E-04
   -0.19217E-04  -0.18327E-04  -0.17477E-04  -0.16668E-04  -0.15896E-04
   -0.15159E-04  -0.14458E-04  -0.13788E-04  -0.13150E-04  -0.12542E-04
   -0.11961E-04  -0.11408E-04  -0.10880E-04  -0.10377E-04  -0.98973E-05
   -0.94398E-05  -0.90035E-05  -0.85874E-05  -0.81906E-05  -0.78122E-05
   -0.74514E-05  -0.71073E-05  -0.67791E-05  -0.64662E-05  -0.61677E-05
   -0.58831E-05  -0.56116E-05  -0.53527E-05  -0.51058E-05  -0.48703E-05
   -0.46457E-05  -0.44315E-05  -0.42273E-05  -0.40324E-05  -0.38466E-05
   -0.36694E-05  -0.35003E-05  -0.33391E-05  -0.31853E-05  -0.30386E-05
   -0.28987E-05  -0.27653E-05  -0.26380E-05  -0.25166E-05  -0.24008E-05
   -0.22904E-05  -0.21850E-05  -0.20845E-05  -0.19886E-05  -0.18972E-05
   -0.18100E-05  -0.17268E-05  -0.16474E-05  -0.15717E-05  -0.14995E-05
   -0.14306E-05  -0.13649E-05  -0.13022E-05  -0.12424E-05  -0.11854E-05
   -0.11310E-05  -0.10790E-05  -0.10295E-05  -0.98227E-06  -0.93720E-06
   -0.89421E-06  -0.85319E-06  -0.81406E-06  -0.77673E-06  -0.74111E-06
   -0.70713E-06  -0.67472E-06  -0.64379E-06  -0.61429E-06  -0.58614E-06
   -0.55928E-06  -0.53366E-06  -0.50922E-06  -0.48589E-06  -0.46364E-06
   -0.44241E-06  -0.42216E-06  -0.40283E-06  -0.38440E-06  -0.36680E-06
   -0.35002E-06  -0.33400E-06  -0.31872E-06  -0.30414E-06  -0.29023E-06
   -0.27696E-06  -0.26429E-06  -0.25221E-06  -0.24068E-06  -0.22968E-06
   -0.21918E-06  -0.20916E-06  -0.19961E-06  -0.19048E-06  -0.18178E-06
   -0.17348E-06  -0.16556E-06  -0.15799E-06  -0.15078E-06  -0.14389E-06
   -0.13733E-06  -0.13106E-06  -0.12507E-06  -0.11937E-06  -0.11392E-06
   -0.10872E-06  -0.10376E-06  -0.99027E-07  -0.94510E-07  -0.90199E-07
   -0.86086E-07  -0.82160E-07  -0.78414E-07  -0.74839E-07  -0.71427E-07
   -0.68172E-07  -0.65065E-07  -0.62100E-07  -0.59270E-07  -0.56569E-07
   -0.53992E-07  -0.51533E-07  -0.49185E-07  -0.46945E-07  -0.44807E-07
   -0.42767E-07  -0.40820E-07  -0.38962E-07  -0.37188E-07  -0.35495E-07
   -0.33880E-07  -0.32338E-07  -0.30866E-07  -0.29462E-07  -0.28122E-07
   -0.26842E-07  -0.25621E-07  -0.24456E-07  -0.23344E-07  -0.22282E-07
   -0.21269E-07  -0.20302E-07  -0.19379E-07  -0.18498E-07  -0.17658E-07
   -0.16855E-07  -0.16089E-07  -0.15358E-07  -0.14660E-07  -0.13994E-07
   -0.13358E-07  -0.12752E-07  -0.12172E-07  -0.11620E-07  -0.11092E-07
   -0.10588E-07  -0.10108E-07  -0.96486E-08  -0.92106E-08  -0.87925E-08
   -0.83935E-08  -0.80125E-08  -0.76489E-08  -0.73018E-08  -0.69705E-08
   -0.66543E-08  -0.63524E-08  -0.60643E-08  -0.57892E-08  -0.55267E-08
   -0.52760E-08  -0.50368E-08  -0.48084E-08  -0.45904E-08  -0.43823E-08
   -0.41836E-08  -0.39940E-08  -0.38130E-08  -0.36402E-08  -0.34752E-08
   -0.33177E-08  -0.31674E-08  -0.30239E-08  -0.28869E-08  -0.27561E-08
   -0.26313E-08  -0.25121E-08  -0.23984E-08  -0.22898E-08  -0.21861E-08
   -0.20871E-08  -0.19926E-08  -0.19024E-08  -0.18163E-08  -0.17341E-08
   -0.16556E-08  -0.15807E-08  -0.15091E-08  -0.14408E-08  -0.13756E-08
   -0.13134E-08  -0.12540E-08  -0.11973E-08  -0.11431E-08  -0.10914E-08
   -0.10420E-08  -0.99491E-09  -0.94992E-09  -0.90697E-09  -0.86596E-09
   -0.82681E-09  -0.78943E-09  -0.75375E-09  -0.71968E-09  -0.68715E-09
   -0.65609E-09  -0.62644E-09  -0.59813E-09  -0.57111E-09  -0.54530E-09
   -0.52067E-09  -0.49715E-09  -0.47469E-09  -0.45325E-09  -0.43277E-09
   -0.41323E-09  -0.39457E-09  -0.37675E-09  -0.35974E-09  -0.34349E-09
   -0.32799E-09  -0.31318E-09  -0.29904E-09  -0.28554E-09  -0.27265E-09
   -0.26035E-09  -0.24860E-09  -0.23738E-09  -0.22667E-09  -0.21644E-09
   -0.20667E-09  -0.19735E-09  -0.18845E-09  -0.17995E-09  -0.17183E-09
   -0.16408E-09  -0.15668E-09  -0.14961E-09  -0.14287E-09  -0.13642E-09
   -0.13027E-09  -0.12440E-09  -0.11879E-09  -0.11343E-09  -0.10832E-09
   -0.10344E-09  -0.98776E-10  -0.94324E-10  -0.90073E-10  -0.86013E-10
   -0.82137E-10  -0.78436E-10  -0.74902E-10  -0.71527E-10  -0.68305E-10
   -0.65228E-10  -0.62289E-10  -0.59484E-10  -0.56804E-10  -0.54246E-10
   -0.51803E-10  -0.49470E-10  -0.47242E-10  -0.45115E-10  -0.43084E-10
   -0.41144E-10  -0.39291E-10  -0.37523E-10  -0.35834E-10  -0.34221E-10
   -0.32680E-10  -0.31209E-10  -0.29805E-10  -0.28463E-10  -0.27183E-10
   -0.25959E-10  -0.24791E-10  -0.23676E-10  -0.22611E-10  -0.21593E-10
   -0.20622E-10  -0.19694E-10  -0.18808E-10  -0.17963E-10  -0.17155E-10
   -0.16383E-10  -0.15646E-10  -0.14943E-10  -0.14271E-10  -0.13629E-10
   -0.13016E-10  -0.12431E-10  -0.11872E-10  -0.11339E-10  -0.10829E-10
   -0.10342E-10
