   -0.44724E-03   0.66787E-03   0.40132E-02   0.13586E-01   0.32614E-01
    0.62702E-01   0.10292       0.15044       0.20123       0.25132    
    0.29746       0.33744       0.37008       0.39506       0.41269    
    0.42367       0.42891       0.42935       0.42593       0.41950    
    0.41078       0.40041       0.38889       0.37663       0.36396    
    0.35112       0.33831       0.32568       0.31332       0.30130    
    0.28968       0.27848       0.26773       0.25742       0.24755    
    0.23812       0.22911       0.22052       0.21232       0.20449    
    0.19702       0.18990       0.18310       0.17662       0.17042    
    0.16450       0.15885       0.15344       0.14827       0.14333    
    0.13859       0.13405       0.12970       0.12553       0.12153    
    0.11769       0.11401       0.11047       0.10707       0.10380    
    0.10065       0.97629E-01   0.94718E-01   0.91915E-01   0.89215E-01
    0.86613E-01   0.84106E-01   0.81687E-01   0.79354E-01   0.77103E-01
    0.74931E-01   0.72833E-01   0.70807E-01   0.68850E-01   0.66959E-01
    0.65130E-01   0.63362E-01   0.61652E-01   0.59998E-01   0.58396E-01
    0.56847E-01   0.55346E-01   0.53893E-01   0.52486E-01   0.51122E-01
    0.49800E-01   0.48519E-01   0.47278E-01   0.46073E-01   0.44905E-01
    0.43772E-01   0.42672E-01   0.41605E-01   0.40569E-01   0.39564E-01
    0.38587E-01   0.37639E-01   0.36718E-01   0.35823E-01   0.34953E-01
    0.34108E-01   0.33287E-01   0.32488E-01   0.31712E-01   0.30957E-01
    0.30223E-01   0.29508E-01   0.28813E-01   0.28137E-01   0.27479E-01
    0.26839E-01   0.26215E-01   0.25609E-01   0.25018E-01   0.24443E-01
    0.23882E-01   0.23337E-01   0.22805E-01   0.22287E-01   0.21783E-01
    0.21291E-01   0.20812E-01   0.20346E-01   0.19891E-01   0.19447E-01
    0.19014E-01   0.18593E-01   0.18181E-01   0.17780E-01   0.17389E-01
    0.17007E-01   0.16635E-01   0.16272E-01   0.15917E-01   0.15572E-01
    0.15234E-01   0.14905E-01   0.14584E-01   0.14270E-01   0.13964E-01
    0.13665E-01   0.13373E-01   0.13088E-01   0.12810E-01   0.12538E-01
    0.12273E-01   0.12013E-01   0.11760E-01   0.11513E-01   0.11271E-01
    0.11035E-01   0.10805E-01   0.10579E-01   0.10359E-01   0.10144E-01
    0.99340E-02   0.97286E-02   0.95277E-02   0.93314E-02   0.91395E-02
    0.89519E-02   0.87685E-02   0.85891E-02   0.84137E-02   0.82422E-02
    0.80745E-02   0.79105E-02   0.77501E-02   0.75932E-02   0.74398E-02
    0.72898E-02   0.71430E-02   0.69994E-02   0.68589E-02   0.67215E-02
    0.65871E-02   0.64555E-02   0.63268E-02   0.62009E-02   0.60777E-02
    0.59571E-02   0.58391E-02   0.57235E-02   0.56105E-02   0.54998E-02
    0.53914E-02   0.52854E-02   0.51815E-02   0.50799E-02   0.49804E-02
    0.48829E-02   0.47876E-02   0.46942E-02   0.46027E-02   0.45132E-02
    0.44255E-02   0.43397E-02   0.42556E-02   0.41733E-02   0.40927E-02
    0.40137E-02   0.39363E-02   0.38606E-02   0.37864E-02   0.37137E-02
    0.36425E-02   0.35727E-02   0.35043E-02   0.34374E-02   0.33718E-02
    0.33075E-02   0.32445E-02   0.31828E-02   0.31223E-02   0.30630E-02
    0.30050E-02   0.29481E-02   0.28923E-02   0.28377E-02   0.27841E-02
    0.27317E-02   0.26802E-02   0.26298E-02   0.25804E-02   0.25320E-02
    0.24845E-02   0.24380E-02   0.23924E-02   0.23478E-02   0.23039E-02
    0.22609E-02   0.22188E-02   0.21775E-02   0.21370E-02   0.20973E-02
    0.20583E-02   0.20202E-02   0.19827E-02   0.19460E-02   0.19100E-02
    0.18747E-02   0.18401E-02   0.18062E-02   0.17729E-02   0.17403E-02
    0.17083E-02   0.16769E-02   0.16461E-02   0.16159E-02   0.15863E-02
    0.15572E-02   0.15287E-02   0.15008E-02   0.14733E-02   0.14465E-02
    0.14201E-02   0.13942E-02   0.13688E-02   0.13439E-02   0.13195E-02
    0.12955E-02   0.12720E-02   0.12489E-02   0.12263E-02   0.12041E-02
    0.11823E-02   0.11610E-02   0.11400E-02   0.11194E-02   0.10992E-02
    0.10794E-02   0.10600E-02   0.10409E-02   0.10222E-02   0.10038E-02
    0.98580E-03   0.96811E-03   0.95075E-03   0.93372E-03   0.91700E-03
    0.90060E-03   0.88449E-03   0.86869E-03   0.85318E-03   0.83796E-03
    0.82302E-03   0.80836E-03   0.79396E-03   0.77984E-03   0.76597E-03
    0.75236E-03   0.73900E-03   0.72588E-03   0.71301E-03   0.70037E-03
    0.68797E-03   0.67579E-03   0.66383E-03   0.65210E-03   0.64058E-03
    0.62927E-03   0.61816E-03   0.60726E-03   0.59656E-03   0.58605E-03
    0.57574E-03   0.56561E-03   0.55566E-03   0.54590E-03   0.53631E-03
    0.52690E-03   0.51766E-03   0.50858E-03   0.49967E-03   0.49092E-03
    0.48233E-03   0.47390E-03   0.46561E-03   0.45748E-03   0.44949E-03
    0.44165E-03   0.43394E-03   0.42638E-03   0.41895E-03   0.41166E-03
    0.40449E-03   0.39746E-03   0.39055E-03   0.38376E-03   0.37709E-03
    0.37055E-03   0.36412E-03   0.35781E-03   0.35161E-03   0.34552E-03
    0.33953E-03   0.33366E-03   0.32789E-03   0.32222E-03   0.31665E-03
    0.31118E-03   0.30581E-03   0.30053E-03   0.29535E-03   0.29026E-03
    0.28526E-03   0.28035E-03   0.27552E-03   0.27078E-03   0.26613E-03
    0.26155E-03   0.25706E-03   0.25265E-03   0.24831E-03   0.24405E-03
    0.23987E-03   0.23575E-03   0.23172E-03   0.22775E-03   0.22385E-03
    0.22002E-03   0.21626E-03   0.21256E-03   0.20893E-03   0.20536E-03
    0.20185E-03   0.19841E-03   0.19503E-03   0.19170E-03   0.18843E-03
    0.18522E-03   0.18207E-03   0.17897E-03   0.17593E-03   0.17293E-03
    0.16999E-03   0.16711E-03   0.16427E-03   0.16148E-03   0.15874E-03
    0.15604E-03   0.15340E-03   0.15080E-03   0.14824E-03   0.14573E-03
    0.14326E-03   0.14084E-03   0.13846E-03   0.13612E-03   0.13381E-03
    0.13155E-03   0.12933E-03   0.12715E-03   0.12500E-03   0.12289E-03
    0.12082E-03   0.11878E-03   0.11678E-03   0.11481E-03   0.11288E-03
    0.11098E-03   0.10911E-03   0.10728E-03   0.10547E-03   0.10370E-03
    0.10196E-03   0.10024E-03   0.98560E-04   0.96905E-04   0.95279E-04
    0.93681E-04   0.92110E-04   0.90566E-04   0.89048E-04   0.87556E-04
    0.86090E-04   0.84649E-04   0.83232E-04   0.81840E-04   0.80471E-04
    0.79126E-04   0.77804E-04   0.76504E-04   0.75226E-04   0.73970E-04
    0.72736E-04   0.71522E-04   0.70329E-04   0.69156E-04   0.68004E-04
    0.66871E-04   0.65757E-04   0.64662E-04   0.63585E-04   0.62527E-04
    0.61487E-04   0.60464E-04   0.59459E-04   0.58471E-04   0.57499E-04
    0.56544E-04   0.55605E-04   0.54682E-04   0.53774E-04   0.52882E-04
    0.52005E-04   0.51143E-04   0.50295E-04   0.49462E-04   0.48642E-04
    0.47837E-04   0.47045E-04   0.46266E-04   0.45500E-04   0.44748E-04
    0.44008E-04   0.43280E-04   0.42565E-04   0.41861E-04   0.41170E-04
    0.40490E-04   0.39822E-04   0.39164E-04   0.38518E-04   0.37883E-04
    0.37258E-04   0.36644E-04   0.36040E-04   0.35446E-04   0.34862E-04
    0.34288E-04   0.33724E-04   0.33169E-04   0.32623E-04   0.32086E-04
    0.31558E-04   0.31040E-04   0.30529E-04   0.30028E-04   0.29534E-04
    0.29049E-04   0.28572E-04   0.28103E-04   0.27642E-04   0.27188E-04
    0.26742E-04   0.26304E-04   0.25873E-04   0.25449E-04   0.25032E-04
    0.24621E-04   0.24218E-04   0.23822E-04   0.23432E-04   0.23048E-04
    0.22671E-04   0.22300E-04   0.21936E-04   0.21577E-04   0.21224E-04
    0.20877E-04   0.20536E-04   0.20201E-04   0.19871E-04   0.19546E-04
    0.19227E-04   0.18914E-04   0.18605E-04   0.18302E-04   0.18003E-04
    0.17710E-04   0.17421E-04   0.17137E-04   0.16858E-04   0.16583E-04
    0.16313E-04   0.16048E-04   0.15786E-04   0.15529E-04   0.15277E-04
    0.15028E-04   0.14784E-04   0.14544E-04   0.14307E-04   0.14075E-04
    0.13846E-04   0.13621E-04   0.13400E-04   0.13182E-04   0.12968E-04
    0.12758E-04   0.12551E-04   0.12347E-04   0.12147E-04   0.11950E-04
    0.11756E-04   0.11565E-04   0.11378E-04   0.11194E-04   0.11012E-04
    0.10834E-04   0.10659E-04   0.10486E-04   0.10316E-04   0.10149E-04
    0.99851E-05   0.98236E-05   0.96647E-05   0.95084E-05   0.93547E-05
    0.92035E-05   0.90548E-05   0.89085E-05   0.87646E-05   0.86230E-05
    0.84838E-05   0.83468E-05   0.82121E-05   0.80796E-05   0.79492E-05
    0.78210E-05   0.76949E-05   0.75708E-05   0.74487E-05   0.73287E-05
    0.72106E-05   0.70944E-05   0.69801E-05   0.68677E-05   0.67571E-05
    0.66483E-05   0.65413E-05   0.64360E-05   0.63324E-05   0.62306E-05
    0.61303E-05   0.60317E-05   0.59348E-05   0.58394E-05   0.57455E-05
    0.56532E-05   0.55623E-05   0.54730E-05   0.53851E-05   0.52986E-05
    0.52135E-05   0.51298E-05   0.50475E-05   0.49665E-05   0.48868E-05
    0.48084E-05   0.47313E-05   0.46554E-05   0.45808E-05   0.45073E-05
    0.44351E-05   0.43640E-05   0.42941E-05   0.42253E-05   0.41576E-05
    0.40911E-05   0.40256E-05   0.39611E-05   0.38977E-05   0.38353E-05
    0.37740E-05   0.37136E-05   0.36542E-05   0.35958E-05   0.35383E-05
    0.34817E-05   0.34261E-05   0.33713E-05   0.33174E-05   0.32644E-05
    0.32123E-05   0.31610E-05   0.31105E-05   0.30608E-05   0.30120E-05
    0.29639E-05   0.29166E-05   0.28701E-05   0.28243E-05   0.27792E-05
    0.27349E-05   0.26913E-05   0.26484E-05   0.26062E-05   0.25646E-05
    0.25238E-05   0.24836E-05   0.24440E-05   0.24051E-05   0.23668E-05
    0.23291E-05   0.22920E-05   0.22555E-05   0.22196E-05   0.21843E-05
    0.21495E-05
     0.0000        89607.        31474.        14723.        7654.9    
     4159.1        2284.8        1234.0        631.37        283.32    
     83.926       -27.228       -85.718       -112.86       -121.59    
    -119.83       -112.41       -102.28       -91.193       -80.172    
    -69.778       -60.292       -51.822       -44.374       -37.897    
    -32.310       -27.521       -23.435       -19.960       -17.013    
    -14.518       -12.409       -10.626       -9.1194       -7.8466    
    -6.7704       -5.8597       -5.0880       -4.4332       -3.8765    
    -3.4022       -2.9973       -2.6507       -2.3531       -2.0969    
    -1.8756       -1.6838       -1.5171       -1.3715       -1.2440    
    -1.1319       -1.0329      -0.94523      -0.86724      -0.79763    
   -0.73525      -0.67917      -0.62856      -0.58275      -0.54115    
   -0.50327      -0.46867      -0.43699      -0.40791      -0.38116    
   -0.35650      -0.33372      -0.31264      -0.29310      -0.27496    
   -0.25808      -0.24238      -0.22774      -0.21408      -0.20133    
   -0.18941      -0.17826      -0.16782      -0.15804      -0.14887    
   -0.14027      -0.13220      -0.12462      -0.11751      -0.11082    
   -0.10453      -0.98620E-01  -0.93059E-01  -0.87826E-01  -0.82902E-01
   -0.78265E-01  -0.73899E-01  -0.69786E-01  -0.65911E-01  -0.62259E-01
   -0.58818E-01  -0.55573E-01  -0.52515E-01  -0.49630E-01  -0.46910E-01
   -0.44344E-01  -0.41923E-01  -0.39638E-01  -0.37482E-01  -0.35447E-01
   -0.33526E-01  -0.31712E-01  -0.30000E-01  -0.28382E-01  -0.26855E-01
   -0.25412E-01  -0.24050E-01  -0.22762E-01  -0.21545E-01  -0.20396E-01
   -0.19309E-01  -0.18282E-01  -0.17311E-01  -0.16393E-01  -0.15524E-01
   -0.14704E-01  -0.13928E-01  -0.13193E-01  -0.12499E-01  -0.11842E-01
   -0.11221E-01  -0.10633E-01  -0.10077E-01  -0.95501E-02  -0.90518E-02
   -0.85802E-02  -0.81338E-02  -0.77112E-02  -0.73112E-02  -0.69324E-02
   -0.65737E-02  -0.62340E-02  -0.59123E-02  -0.56075E-02  -0.53189E-02
   -0.50454E-02  -0.47863E-02  -0.45408E-02  -0.43082E-02  -0.40878E-02
   -0.38790E-02  -0.36810E-02  -0.34934E-02  -0.33155E-02  -0.31469E-02
   -0.29871E-02  -0.28356E-02  -0.26919E-02  -0.25557E-02  -0.24265E-02
   -0.23040E-02  -0.21878E-02  -0.20776E-02  -0.19730E-02  -0.18738E-02
   -0.17797E-02  -0.16904E-02  -0.16057E-02  -0.15253E-02  -0.14490E-02
   -0.13766E-02  -0.13078E-02  -0.12426E-02  -0.11807E-02  -0.11219E-02
   -0.10661E-02  -0.10132E-02  -0.96288E-03  -0.91513E-03  -0.86980E-03
   -0.82675E-03  -0.78587E-03  -0.74704E-03  -0.71017E-03  -0.67515E-03
   -0.64188E-03  -0.61028E-03  -0.58026E-03  -0.55174E-03  -0.52464E-03
   -0.49890E-03  -0.47444E-03  -0.45119E-03  -0.42910E-03  -0.40811E-03
   -0.38816E-03  -0.36921E-03  -0.35119E-03  -0.33406E-03  -0.31778E-03
   -0.30231E-03  -0.28760E-03  -0.27362E-03  -0.26033E-03  -0.24769E-03
   -0.23567E-03  -0.22425E-03  -0.21338E-03  -0.20305E-03  -0.19323E-03
   -0.18389E-03  -0.17500E-03  -0.16655E-03  -0.15852E-03  -0.15087E-03
   -0.14360E-03  -0.13668E-03  -0.13010E-03  -0.12385E-03  -0.11789E-03
   -0.11223E-03  -0.10684E-03  -0.10171E-03  -0.96835E-04  -0.92194E-04
   -0.87778E-04  -0.83576E-04  -0.79577E-04  -0.75772E-04  -0.72151E-04
   -0.68705E-04  -0.65425E-04  -0.62303E-04    0.0000        0.0000    
     0.0000        0.0000        0.0000        0.0000        0.0000    
     0.0000        0.0000        0.0000        0.0000        0.0000    
     0.0000        0.0000        0.0000        0.0000        0.0000    
     0.0000        0.0000        0.0000        0.0000        0.0000    
     0.0000        0.0000        0.0000        0.0000        0.0000    
     0.0000        0.0000        0.0000        0.0000        0.0000    
     0.0000        0.0000        0.0000        0.0000        0.0000    
     0.0000        0.0000        0.0000        0.0000        0.0000    
     0.0000        0.0000        0.0000        0.0000        0.0000    
     0.0000        0.0000        0.0000        0.0000        0.0000    
     0.0000        0.0000        0.0000        0.0000        0.0000    
     0.0000        0.0000        0.0000        0.0000        0.0000    
     0.0000        0.0000        0.0000        0.0000        0.0000    
     0.0000        0.0000        0.0000        0.0000        0.0000    
     0.0000        0.0000        0.0000        0.0000        0.0000    
     0.0000        0.0000        0.0000        0.0000        0.0000    
     0.0000        0.0000        0.0000        0.0000        0.0000    
     0.0000        0.0000        0.0000        0.0000        0.0000    
     0.0000        0.0000        0.0000        0.0000        0.0000    
     0.0000        0.0000        0.0000        0.0000        0.0000    
     0.0000        0.0000        0.0000        0.0000        0.0000    
     0.0000        0.0000        0.0000        0.0000        0.0000    
     0.0000        0.0000        0.0000        0.0000        0.0000    
     0.0000        0.0000        0.0000        0.0000        0.0000    
     0.0000        0.0000        0.0000        0.0000        0.0000    
     0.0000        0.0000        0.0000        0.0000        0.0000    
     0.0000        0.0000        0.0000        0.0000        0.0000    
     0.0000        0.0000        0.0000        0.0000        0.0000    
     0.0000        0.0000        0.0000        0.0000        0.0000    
     0.0000        0.0000        0.0000        0.0000        0.0000    
     0.0000        0.0000        0.0000        0.0000        0.0000    
     0.0000        0.0000        0.0000        0.0000        0.0000    
     0.0000        0.0000        0.0000        0.0000        0.0000    
     0.0000        0.0000        0.0000        0.0000        0.0000    
     0.0000        0.0000        0.0000        0.0000        0.0000    
     0.0000        0.0000        0.0000        0.0000        0.0000    
     0.0000        0.0000        0.0000        0.0000        0.0000    
     0.0000        0.0000        0.0000        0.0000        0.0000    
     0.0000        0.0000        0.0000        0.0000        0.0000    
     0.0000        0.0000        0.0000        0.0000        0.0000    
     0.0000        0.0000        0.0000        0.0000        0.0000    
     0.0000        0.0000        0.0000        0.0000        0.0000    
     0.0000        0.0000        0.0000        0.0000        0.0000    
     0.0000        0.0000        0.0000        0.0000        0.0000    
     0.0000        0.0000        0.0000        0.0000        0.0000    
     0.0000        0.0000        0.0000        0.0000        0.0000    
     0.0000        0.0000        0.0000        0.0000        0.0000    
     0.0000        0.0000        0.0000        0.0000        0.0000    
     0.0000        0.0000        0.0000        0.0000        0.0000    
     0.0000        0.0000        0.0000        0.0000        0.0000    
     0.0000        0.0000        0.0000        0.0000        0.0000    
     0.0000        0.0000        0.0000        0.0000        0.0000    
     0.0000        0.0000        0.0000        0.0000        0.0000    
     0.0000        0.0000        0.0000        0.0000        0.0000    
     0.0000        0.0000        0.0000        0.0000        0.0000    
     0.0000        0.0000        0.0000        0.0000        0.0000    
     0.0000        0.0000        0.0000        0.0000        0.0000    
     0.0000        0.0000        0.0000        0.0000        0.0000    
     0.0000        0.0000        0.0000        0.0000        0.0000    
     0.0000        0.0000        0.0000        0.0000        0.0000    
     0.0000        0.0000        0.0000        0.0000        0.0000    
     0.0000        0.0000        0.0000        0.0000        0.0000    
     0.0000        0.0000        0.0000        0.0000        0.0000    
     0.0000        0.0000        0.0000        0.0000        0.0000    
     0.0000        0.0000        0.0000        0.0000        0.0000    
     0.0000        0.0000        0.0000        0.0000        0.0000    
     0.0000        0.0000        0.0000        0.0000        0.0000    
     0.0000        0.0000        0.0000        0.0000        0.0000    
     0.0000        0.0000        0.0000        0.0000        0.0000    
     0.0000        0.0000        0.0000        0.0000        0.0000    
     0.0000        0.0000        0.0000        0.0000        0.0000    
     0.0000        0.0000        0.0000        0.0000        0.0000    
     0.0000        0.0000        0.0000        0.0000        0.0000    
     0.0000        0.0000        0.0000        0.0000        0.0000    
     0.0000        0.0000        0.0000        0.0000        0.0000    
     0.0000        0.0000        0.0000        0.0000        0.0000    
     0.0000        0.0000        0.0000        0.0000        0.0000    
     0.0000        0.0000        0.0000        0.0000        0.0000    
     0.0000        0.0000        0.0000        0.0000        0.0000    
     0.0000        0.0000        0.0000        0.0000        0.0000    
     0.0000        0.0000        0.0000        0.0000        0.0000    
     0.0000        0.0000        0.0000        0.0000        0.0000    
     0.0000    
     0.0000       0.83332E-03   0.54694E-02   0.19339E-01   0.47749E-01
    0.93877E-01   0.15691       0.23272       0.31468       0.39584    
    0.47024       0.53356       0.58346       0.61928       0.64159    
    0.65186       0.65193       0.64372       0.62914       0.60986    
    0.58731       0.56266       0.53683       0.51054       0.48437    
    0.45868       0.43374       0.40977       0.38686       0.36508    
    0.34446       0.32498       0.30664       0.28939       0.27318    
    0.25797       0.24371       0.23033       0.21779       0.20602    
    0.19498       0.18462       0.17491       0.16579       0.15722    
    0.14917       0.14161       0.13449       0.12780       0.12149    
    0.11556       0.10996       0.10468       0.99702E-01   0.95001E-01
    0.90561E-01   0.86366E-01   0.82400E-01   0.78648E-01   0.75098E-01
    0.71736E-01   0.68551E-01   0.65534E-01   0.62673E-01   0.59959E-01
    0.57384E-01   0.54940E-01   0.52619E-01   0.50413E-01   0.48315E-01
    0.46320E-01   0.44422E-01   0.42615E-01   0.40895E-01   0.39256E-01
    0.37695E-01   0.36208E-01   0.34789E-01   0.33436E-01   0.32145E-01
    0.30913E-01   0.29735E-01   0.28611E-01   0.27536E-01   0.26509E-01
    0.25526E-01   0.24587E-01   0.23688E-01   0.22828E-01   0.22005E-01
    0.21216E-01   0.20461E-01   0.19737E-01   0.19043E-01   0.18377E-01
    0.17739E-01   0.17126E-01   0.16539E-01   0.15975E-01   0.15433E-01
    0.14914E-01   0.14414E-01   0.13934E-01   0.13473E-01   0.13030E-01
    0.12603E-01   0.12193E-01   0.11798E-01   0.11418E-01   0.11053E-01
    0.10701E-01   0.10362E-01   0.10036E-01   0.97219E-02   0.94190E-02
    0.91270E-02   0.88454E-02   0.85739E-02   0.83120E-02   0.80594E-02
    0.78157E-02   0.75806E-02   0.73536E-02   0.71346E-02   0.69231E-02
    0.67188E-02   0.65214E-02   0.63308E-02   0.61465E-02   0.59684E-02
    0.57963E-02   0.56299E-02   0.54690E-02   0.53134E-02   0.51629E-02
    0.50172E-02   0.48763E-02   0.47400E-02   0.46079E-02   0.44800E-02
    0.43561E-02   0.42362E-02   0.41199E-02   0.40073E-02   0.38983E-02
    0.37926E-02   0.36902E-02   0.35909E-02   0.34947E-02   0.34015E-02
    0.33112E-02   0.32236E-02   0.31386E-02   0.30562E-02   0.29763E-02
    0.28988E-02   0.28235E-02   0.27505E-02   0.26796E-02   0.26107E-02
    0.25438E-02   0.24788E-02   0.24156E-02   0.23543E-02   0.22946E-02
    0.22367E-02   0.21804E-02   0.21258E-02   0.20726E-02   0.20210E-02
    0.19708E-02   0.19220E-02   0.18746E-02   0.18285E-02   0.17836E-02
    0.17401E-02   0.16977E-02   0.16564E-02   0.16163E-02   0.15773E-02
    0.15394E-02   0.15024E-02   0.14664E-02   0.14314E-02   0.13973E-02
    0.13640E-02   0.13317E-02   0.13002E-02   0.12695E-02   0.12396E-02
    0.12105E-02   0.11822E-02   0.11546E-02   0.11277E-02   0.11015E-02
    0.10760E-02   0.10511E-02   0.10269E-02   0.10033E-02   0.98031E-03
    0.95790E-03   0.93605E-03   0.91475E-03   0.89398E-03   0.87373E-03
    0.85397E-03   0.83470E-03   0.81590E-03   0.79756E-03   0.77967E-03
    0.76222E-03   0.74519E-03   0.72858E-03   0.71238E-03   0.69657E-03
    0.68114E-03   0.66609E-03   0.65141E-03   0.63708E-03   0.62310E-03
    0.60945E-03   0.59613E-03   0.58313E-03   0.57044E-03   0.55804E-03
    0.54595E-03   0.53413E-03   0.52259E-03   0.51134E-03   0.50033E-03
    0.48957E-03   0.47907E-03   0.46881E-03   0.45879E-03   0.44900E-03
    0.43943E-03   0.43009E-03   0.42096E-03   0.41204E-03   0.40332E-03
    0.39480E-03   0.38648E-03   0.37834E-03   0.37039E-03   0.36262E-03
    0.35503E-03   0.34761E-03   0.34035E-03   0.33326E-03   0.32632E-03
    0.31954E-03   0.31292E-03   0.30644E-03   0.30010E-03   0.29390E-03
    0.28784E-03   0.28192E-03   0.27613E-03   0.27046E-03   0.26492E-03
    0.25950E-03   0.25419E-03   0.24901E-03   0.24393E-03   0.23897E-03
    0.23412E-03   0.22937E-03   0.22472E-03   0.22018E-03   0.21573E-03
    0.21137E-03   0.20712E-03   0.20295E-03   0.19887E-03   0.19488E-03
    0.19097E-03   0.18715E-03   0.18341E-03   0.17975E-03   0.17617E-03
    0.17266E-03   0.16922E-03   0.16586E-03   0.16257E-03   0.15935E-03
    0.15620E-03   0.15311E-03   0.15009E-03   0.14713E-03   0.14423E-03
    0.14140E-03   0.13862E-03   0.13590E-03   0.13323E-03   0.13063E-03
    0.12807E-03   0.12557E-03   0.12312E-03   0.12072E-03   0.11837E-03
    0.11607E-03   0.11381E-03   0.11160E-03   0.10944E-03   0.10732E-03
    0.10525E-03   0.10321E-03   0.10122E-03   0.99270E-04   0.97358E-04
    0.95485E-04   0.93650E-04   0.91852E-04   0.90090E-04   0.88364E-04
    0.86673E-04   0.85015E-04   0.83391E-04   0.81800E-04   0.80240E-04
    0.78712E-04   0.77214E-04   0.75746E-04   0.74307E-04   0.72898E-04
    0.71516E-04   0.70161E-04   0.68834E-04   0.67533E-04   0.66257E-04
    0.65007E-04   0.63781E-04   0.62580E-04   0.61403E-04   0.60248E-04
    0.59116E-04   0.58007E-04   0.56919E-04   0.55853E-04   0.54808E-04
    0.53782E-04   0.52778E-04   0.51792E-04   0.50826E-04   0.49879E-04
    0.48950E-04   0.48039E-04   0.47146E-04   0.46270E-04   0.45411E-04
    0.44569E-04   0.43743E-04   0.42933E-04   0.42139E-04   0.41360E-04
    0.40596E-04   0.39846E-04   0.39111E-04   0.38390E-04   0.37684E-04
    0.36990E-04   0.36310E-04   0.35643E-04   0.34988E-04   0.34347E-04
    0.33717E-04   0.33099E-04   0.32493E-04   0.31899E-04   0.31316E-04
    0.30744E-04   0.30183E-04   0.29632E-04   0.29092E-04   0.28562E-04
    0.28043E-04   0.27533E-04   0.27032E-04   0.26541E-04   0.26060E-04
    0.25587E-04   0.25123E-04   0.24668E-04   0.24222E-04   0.23784E-04
    0.23354E-04   0.22932E-04   0.22518E-04   0.22112E-04   0.21713E-04
    0.21322E-04   0.20938E-04   0.20561E-04   0.20191E-04   0.19829E-04
    0.19472E-04   0.19123E-04   0.18780E-04   0.18443E-04   0.18113E-04
    0.17789E-04   0.17470E-04   0.17158E-04   0.16851E-04   0.16550E-04
    0.16255E-04   0.15965E-04   0.15681E-04   0.15401E-04   0.15127E-04
    0.14858E-04   0.14593E-04   0.14334E-04   0.14079E-04   0.13829E-04
    0.13584E-04   0.13343E-04   0.13107E-04   0.12874E-04   0.12647E-04
    0.12423E-04   0.12203E-04   0.11987E-04   0.11776E-04   0.11568E-04
    0.11364E-04   0.11163E-04   0.10966E-04   0.10773E-04   0.10584E-04
    0.10397E-04   0.10214E-04   0.10035E-04   0.98585E-05   0.96854E-05
    0.95154E-05   0.93484E-05   0.91845E-05   0.90235E-05   0.88655E-05
    0.87103E-05   0.85578E-05   0.84082E-05   0.82612E-05   0.81168E-05
    0.79751E-05   0.78359E-05   0.76991E-05   0.75649E-05   0.74330E-05
    0.73035E-05   0.71763E-05   0.70514E-05   0.69288E-05   0.68083E-05
    0.66900E-05   0.65737E-05   0.64596E-05   0.63475E-05   0.62374E-05
    0.61292E-05   0.60230E-05   0.59186E-05   0.58161E-05   0.57155E-05
    0.56166E-05   0.55195E-05   0.54241E-05   0.53303E-05   0.52383E-05
    0.51479E-05   0.50590E-05   0.49718E-05   0.48861E-05   0.48019E-05
    0.47192E-05   0.46379E-05   0.45581E-05   0.44797E-05   0.44026E-05
    0.43270E-05   0.42526E-05   0.41796E-05   0.41078E-05   0.40373E-05
    0.39681E-05   0.39001E-05   0.38332E-05   0.37676E-05   0.37030E-05
    0.36396E-05   0.35774E-05   0.35162E-05   0.34561E-05   0.33970E-05
    0.33390E-05   0.32819E-05   0.32259E-05   0.31709E-05   0.31168E-05
    0.30636E-05   0.30114E-05   0.29601E-05   0.29097E-05   0.28602E-05
    0.28115E-05   0.27637E-05   0.27167E-05   0.26705E-05   0.26251E-05
    0.25805E-05   0.25367E-05   0.24936E-05   0.24513E-05   0.24098E-05
    0.23689E-05   0.23287E-05   0.22893E-05   0.22505E-05   0.22124E-05
    0.21750E-05   0.21382E-05   0.21020E-05   0.20665E-05   0.20315E-05
    0.19972E-05   0.19635E-05   0.19303E-05   0.18978E-05   0.18657E-05
    0.18343E-05   0.18033E-05   0.17729E-05   0.17431E-05   0.17137E-05
    0.16849E-05   0.16565E-05   0.16286E-05   0.16012E-05   0.15743E-05
    0.15478E-05   0.15218E-05   0.14963E-05   0.14711E-05   0.14464E-05
    0.14222E-05   0.13983E-05   0.13749E-05   0.13518E-05   0.13291E-05
    0.13069E-05   0.12850E-05   0.12635E-05   0.12423E-05   0.12215E-05
    0.12011E-05   0.11810E-05   0.11613E-05   0.11418E-05   0.11228E-05
    0.11040E-05   0.10856E-05   0.10674E-05   0.10496E-05   0.10321E-05
    0.10149E-05   0.99798E-06   0.98134E-06   0.96499E-06   0.94891E-06
    0.93311E-06   0.91757E-06   0.90230E-06   0.88729E-06   0.87253E-06
    0.85801E-06   0.84375E-06   0.82972E-06   0.81594E-06   0.80238E-06
    0.78906E-06   0.77596E-06   0.76308E-06   0.75042E-06   0.73797E-06
    0.72573E-06   0.71370E-06   0.70187E-06   0.69024E-06   0.67880E-06
    0.66756E-06   0.65651E-06   0.64564E-06   0.63496E-06   0.62445E-06
    0.61412E-06   0.60397E-06   0.59398E-06   0.58417E-06   0.57452E-06
    0.56503E-06   0.55570E-06   0.54652E-06   0.53750E-06   0.52863E-06
    0.51991E-06   0.51134E-06   0.50291E-06   0.49462E-06   0.48647E-06
    0.47845E-06   0.47057E-06   0.46282E-06   0.45520E-06   0.44771E-06
    0.44034E-06   0.43310E-06   0.42598E-06   0.41897E-06   0.41209E-06
    0.40531E-06   0.39865E-06   0.39211E-06   0.38567E-06   0.37933E-06
    0.37311E-06   0.36698E-06   0.36096E-06   0.35504E-06   0.34922E-06
    0.34350E-06   0.33786E-06   0.33233E-06   0.32688E-06   0.32153E-06
    0.31626E-06   0.31109E-06   0.30599E-06   0.30099E-06   0.29606E-06
    0.29122E-06
     0.0000        34458.        17178.        8463.9        4142.6    
     1901.1        687.71        25.362       -329.09       -506.06    
    -579.44       -593.05       -572.98       -535.18       -489.34    
    -441.25       -394.28       -350.28       -310.10       -274.05    
    -242.10       -214.00       -189.43       -168.01       -149.38    
    -133.18       -119.09       -106.83       -96.141       -86.802    
    -78.622       -71.436       -65.103       -59.503       -54.536    
    -50.114       -46.164       -42.623       -39.438       -36.565    
    -33.964       -31.603       -29.452       -27.488       -25.690    
    -24.040       -22.522       -21.122       -19.829       -18.632    
    -17.522       -16.492       -15.533       -14.639       -13.806    
    -13.028       -12.300       -11.620       -10.982       -10.384    
    -9.8227       -9.2956       -8.8000       -8.3337       -7.8948    
    -7.4812       -7.0915       -6.7239       -6.3771       -6.0498    
    -5.7407       -5.4487       -5.1728       -4.9118       -4.6649    
    -4.4312       -4.2100       -4.0005       -3.8020       -3.6139    
    -3.4357       -3.2667       -3.1066       -2.9547       -2.8105    
    -2.6737       -2.5439       -2.4206       -2.3035       -2.1923    
    -2.0867       -1.9863       -1.8910       -1.8004       -1.7143    
    -1.6325       -1.5547       -1.4807       -1.4103       -1.3433    
    -1.2796       -1.2190       -1.1613       -1.1065       -1.0543    
    -1.0046      -0.95729      -0.91226      -0.86940      -0.82858    
   -0.78972      -0.75270      -0.71746      -0.68389      -0.65192    
   -0.62147      -0.59248      -0.56485      -0.53854      -0.51347    
   -0.48958      -0.46681      -0.44512      -0.42445      -0.40474    
   -0.38596      -0.36807      -0.35101      -0.33475      -0.31926    
   -0.30449      -0.29040      -0.27698      -0.26418      -0.25197    
   -0.24034      -0.22924      -0.21867      -0.20859      -0.19897    
   -0.18981      -0.18107      -0.17274      -0.16480      -0.15722    
   -0.15000      -0.14310      -0.13653      -0.13026      -0.12428    
   -0.11857      -0.11313      -0.10793      -0.10298      -0.98253E-01
   -0.93745E-01  -0.89445E-01  -0.85343E-01  -0.81430E-01  -0.77698E-01
   -0.74140E-01  -0.70746E-01  -0.67509E-01  -0.64421E-01  -0.61475E-01
   -0.58665E-01  -0.55983E-01  -0.53425E-01  -0.50985E-01  -0.48656E-01
   -0.46434E-01  -0.44313E-01  -0.42290E-01  -0.40359E-01  -0.38516E-01
   -0.36758E-01  -0.35080E-01  -0.33479E-01  -0.31952E-01  -0.30494E-01
   -0.29103E-01  -0.27776E-01  -0.26509E-01  -0.25301E-01  -0.24149E-01
   -0.23049E-01  -0.21999E-01  -0.20998E-01  -0.20042E-01  -0.19131E-01
   -0.18260E-01  -0.17430E-01  -0.16637E-01  -0.15880E-01  -0.15158E-01
   -0.14469E-01  -0.13811E-01  -0.13183E-01  -0.12584E-01  -0.12012E-01
   -0.11466E-01  -0.10945E-01  -0.10448E-01  -0.99731E-02  -0.95201E-02
   -0.90878E-02  -0.86753E-02  -0.82816E-02  -0.79058E-02  -0.75472E-02
   -0.72049E-02  -0.68782E-02  -0.65664E-02  -0.62687E-02  -0.59846E-02
   -0.57133E-02  -0.54544E-02  -0.52072E-02  -0.49713E-02  -0.47461E-02
   -0.45311E-02  -0.43258E-02  -0.41299E-02  -0.39428E-02  -0.37643E-02
   -0.35938E-02  -0.34311E-02  -0.32758E-02    0.0000        0.0000    
     0.0000        0.0000        0.0000        0.0000        0.0000    
     0.0000        0.0000        0.0000        0.0000        0.0000    
     0.0000        0.0000        0.0000        0.0000        0.0000    
     0.0000        0.0000        0.0000        0.0000        0.0000    
     0.0000        0.0000        0.0000        0.0000        0.0000    
     0.0000        0.0000        0.0000        0.0000        0.0000    
     0.0000        0.0000        0.0000        0.0000        0.0000    
     0.0000        0.0000        0.0000        0.0000        0.0000    
     0.0000        0.0000        0.0000        0.0000        0.0000    
     0.0000        0.0000        0.0000        0.0000        0.0000    
     0.0000        0.0000        0.0000        0.0000        0.0000    
     0.0000        0.0000        0.0000        0.0000        0.0000    
     0.0000        0.0000        0.0000        0.0000        0.0000    
     0.0000        0.0000        0.0000        0.0000        0.0000    
     0.0000        0.0000        0.0000        0.0000        0.0000    
     0.0000        0.0000        0.0000        0.0000        0.0000    
     0.0000        0.0000        0.0000        0.0000        0.0000    
     0.0000        0.0000        0.0000        0.0000        0.0000    
     0.0000        0.0000        0.0000        0.0000        0.0000    
     0.0000        0.0000        0.0000        0.0000        0.0000    
     0.0000        0.0000        0.0000        0.0000        0.0000    
     0.0000        0.0000        0.0000        0.0000        0.0000    
     0.0000        0.0000        0.0000        0.0000        0.0000    
     0.0000        0.0000        0.0000        0.0000        0.0000    
     0.0000        0.0000        0.0000        0.0000        0.0000    
     0.0000        0.0000        0.0000        0.0000        0.0000    
     0.0000        0.0000        0.0000        0.0000        0.0000    
     0.0000        0.0000        0.0000        0.0000        0.0000    
     0.0000        0.0000        0.0000        0.0000        0.0000    
     0.0000        0.0000        0.0000        0.0000        0.0000    
     0.0000        0.0000        0.0000        0.0000        0.0000    
     0.0000        0.0000        0.0000        0.0000        0.0000    
     0.0000        0.0000        0.0000        0.0000        0.0000    
     0.0000        0.0000        0.0000        0.0000        0.0000    
     0.0000        0.0000        0.0000        0.0000        0.0000    
     0.0000        0.0000        0.0000        0.0000        0.0000    
     0.0000        0.0000        0.0000        0.0000        0.0000    
     0.0000        0.0000        0.0000        0.0000        0.0000    
     0.0000        0.0000        0.0000        0.0000        0.0000    
     0.0000        0.0000        0.0000        0.0000        0.0000    
     0.0000        0.0000        0.0000        0.0000        0.0000    
     0.0000        0.0000        0.0000        0.0000        0.0000    
     0.0000        0.0000        0.0000        0.0000        0.0000    
     0.0000        0.0000        0.0000        0.0000        0.0000    
     0.0000        0.0000        0.0000        0.0000        0.0000    
     0.0000        0.0000        0.0000        0.0000        0.0000    
     0.0000        0.0000        0.0000        0.0000        0.0000    
     0.0000        0.0000        0.0000        0.0000        0.0000    
     0.0000        0.0000        0.0000        0.0000        0.0000    
     0.0000        0.0000        0.0000        0.0000        0.0000    
     0.0000        0.0000        0.0000        0.0000        0.0000    
     0.0000        0.0000        0.0000        0.0000        0.0000    
     0.0000        0.0000        0.0000        0.0000        0.0000    
     0.0000        0.0000        0.0000        0.0000        0.0000    
     0.0000        0.0000        0.0000        0.0000        0.0000    
     0.0000        0.0000        0.0000        0.0000        0.0000    
     0.0000        0.0000        0.0000        0.0000        0.0000    
     0.0000        0.0000        0.0000        0.0000        0.0000    
     0.0000        0.0000        0.0000        0.0000        0.0000    
     0.0000        0.0000        0.0000        0.0000        0.0000    
     0.0000        0.0000        0.0000        0.0000        0.0000    
     0.0000        0.0000        0.0000        0.0000        0.0000    
     0.0000        0.0000        0.0000        0.0000        0.0000    
     0.0000        0.0000        0.0000        0.0000        0.0000    
     0.0000        0.0000        0.0000        0.0000        0.0000    
     0.0000        0.0000        0.0000        0.0000        0.0000    
     0.0000        0.0000        0.0000        0.0000        0.0000    
     0.0000        0.0000        0.0000        0.0000        0.0000    
     0.0000        0.0000        0.0000        0.0000        0.0000    
     0.0000        0.0000        0.0000        0.0000        0.0000    
     0.0000        0.0000        0.0000        0.0000        0.0000    
     0.0000        0.0000        0.0000        0.0000        0.0000    
     0.0000        0.0000        0.0000        0.0000        0.0000    
     0.0000        0.0000        0.0000        0.0000        0.0000    
     0.0000        0.0000        0.0000        0.0000        0.0000    
     0.0000        0.0000        0.0000        0.0000        0.0000    
     0.0000        0.0000        0.0000        0.0000        0.0000    
     0.0000        0.0000        0.0000        0.0000        0.0000    
     0.0000        0.0000        0.0000        0.0000        0.0000    
     0.0000        0.0000        0.0000        0.0000        0.0000    
     0.0000        0.0000        0.0000        0.0000        0.0000    
     0.0000        0.0000        0.0000        0.0000        0.0000    
     0.0000    
