# r(fm) phi_S_normalized=u_S/r (norm: int u^2 dr = 1)
0.0000 -2.2098403702e-04
0.1000 3.2999867812e-04
0.2000 1.9829468235e-03
0.3000 6.7129262295e-03
0.4000 1.6114778158e-02
0.5000 3.0981444166e-02
0.6000 5.0853405531e-02
0.7000 7.4333330043e-02
0.8000 9.9428981684e-02
0.9000 1.2417875902e-01
1.0000 1.4697681703e-01
1.1000 1.6673118113e-01
1.2000 1.8285880605e-01
1.3000 1.9520157782e-01
1.4000 2.0391266934e-01
1.5000 2.0933795493e-01
1.6000 2.1192707118e-01
1.7000 2.1214447789e-01
1.8000 2.1045463484e-01
1.9000 2.0727753226e-01
2.0000 2.0296892658e-01
2.1000 1.9784504575e-01
2.2000 1.9215294284e-01
2.3000 1.8609520137e-01
2.4000 1.7983487638e-01
2.5000 1.7349055334e-01
2.6000 1.6716105349e-01
2.7000 1.6092049274e-01
2.8000 1.5481334066e-01
2.9000 1.4887418467e-01
3.0000 1.4313267114e-01
3.1000 1.3759868220e-01
3.2000 1.3228704103e-01
3.3000 1.2719280657e-01
3.4000 1.2231597881e-01
3.5000 1.1765655776e-01
3.6000 1.1320466130e-01
3.7000 1.0896028943e-01
3.8000 1.0490861895e-01
3.9000 1.0103976775e-01
4.0000 9.7348794770e-02
4.1000 9.3830758942e-02
4.2000 9.0470837084e-02
4.3000 8.7269029196e-02
4.4000 8.4205571031e-02
4.5000 8.1280462591e-02
4.6000 7.8488762812e-02
4.7000 7.5815648510e-02
4.8000 7.3261119686e-02
4.9000 7.0820235277e-02
5.0000 6.8478172100e-02
5.1000 6.6234930154e-02
5.2000 6.4085568377e-02
5.3000 6.2025145708e-02
5.4000 6.0048721086e-02
5.5000 5.8151353448e-02
5.6000 5.6333042796e-02
5.7000 5.4583907005e-02
5.8000 5.2903946076e-02
5.9000 5.1288218948e-02
6.0000 4.9731784558e-02
6.1000 4.8239089862e-02
6.2000 4.6800746843e-02
6.3000 4.5415767289e-02
6.4000 4.4081680669e-02
6.5000 4.2796016452e-02
6.6000 4.1557292320e-02
6.7000 4.0362049530e-02
6.8000 3.9209299869e-02
6.9000 3.8097066913e-02
7.0000 3.7023868343e-02
7.1000 3.5987233628e-02
7.2000 3.4986174557e-02
7.3000 3.4019208811e-02
7.4000 3.3084854071e-02
7.5000 3.2181133912e-02
7.6000 3.1307554229e-02
7.7000 3.0462632703e-02
7.8000 2.9645381122e-02
7.9000 2.8853823060e-02
8.0000 2.8088452625e-02
8.1000 2.7346799286e-02
8.2000 2.6628863042e-02
8.3000 2.5933655681e-02
8.4000 2.5259694885e-02
8.5000 2.4606486547e-02
8.6000 2.3973536562e-02
8.7000 2.3360350823e-02
8.8000 2.2764952905e-02
8.9000 2.2187836916e-02
9.0000 2.1628014641e-02
9.1000 2.1084497870e-02
9.2000 2.0557286602e-02
9.3000 2.0045392625e-02
9.4000 1.9548815939e-02
9.5000 1.9066074225e-02
9.6000 1.8597661589e-02
9.7000 1.8142589820e-02
9.8000 1.7700364811e-02
9.9000 1.7270492455e-02
10.0000 1.6852972754e-02
10.1000 1.6447311600e-02
10.2000 1.6052520782e-02
10.3000 1.5669094405e-02
10.4000 1.5296044258e-02
10.5000 1.4933370340e-02
10.6000 1.4580084438e-02
10.7000 1.4236680660e-02
10.8000 1.3902664899e-02
10.9000 1.3577543049e-02
11.0000 1.3261315109e-02
11.1000 1.2952992868e-02
11.2000 1.2653564538e-02
11.3000 1.2361547800e-02
11.4000 1.2077436760e-02
11.5000 1.1800243207e-02
11.6000 1.1530955352e-02
11.7000 1.1268090878e-02
11.8000 1.1012143889e-02
11.9000 1.0763114387e-02
12.0000 1.0520014158e-02
12.1000 1.0283337310e-02
12.2000 1.0053083841e-02
12.3000 9.8282655404e-03
12.4000 9.6088824073e-03
12.5000 9.3949344419e-03
12.6000 9.1869157504e-03
12.7000 8.9833440143e-03
12.8000 8.7852074460e-03
12.9000 8.5920119391e-03
13.0000 8.4032633877e-03
13.1000 8.2194558978e-03
13.2000 8.0400953634e-03
13.3000 7.8646876781e-03
13.4000 7.6942210545e-03
13.5000 7.5272131739e-03
13.6000 7.3646522487e-03
13.7000 7.2060441728e-03
13.8000 7.0508948399e-03
13.9000 6.8996983563e-03
14.0000 6.7519606158e-03
14.1000 6.6076816184e-03
14.2000 6.4668613640e-03
14.3000 6.3294998528e-03
14.4000 6.1951029785e-03
14.5000 6.0641648473e-03
14.6000 5.9356972468e-03
14.7000 5.8106883894e-03
14.8000 5.6886441690e-03
14.9000 5.5690704794e-03
15.0000 5.4524614267e-03
15.1000 5.3388170109e-03
15.2000 5.2271490197e-03
15.3000 5.1184456655e-03
15.4000 5.0122128421e-03
15.5000 4.9084505494e-03
15.6000 4.8069611450e-03
15.7000 4.7076952184e-03
15.8000 4.6107021800e-03
15.9000 4.5158832088e-03
16.0000 4.4231888940e-03
16.1000 4.3325698251e-03
16.2000 4.2439271808e-03
16.3000 4.1572609611e-03
16.4000 4.0725217554e-03
16.5000 3.9896601531e-03
16.6000 3.9086267436e-03
16.7000 3.8293721162e-03
16.8000 3.7518468604e-03
16.9000 3.6760509762e-03
17.0000 3.6019350528e-03
17.1000 3.5294002692e-03
17.2000 3.4584466253e-03
17.3000 3.3890247104e-03
17.4000 3.3211345246e-03
17.5000 3.2547266573e-03
17.6000 3.1897022873e-03
17.7000 3.1261108250e-03
17.8000 3.0639028600e-03
17.9000 3.0030289817e-03
18.0000 2.9434397793e-03
18.1000 2.8851352530e-03
18.2000 2.8280165814e-03
18.3000 2.7721825858e-03
18.4000 2.7174850344e-03
18.5000 2.6639239271e-03
18.6000 2.6115486746e-03
18.7000 2.5602110451e-03
18.8000 2.5100098597e-03
18.9000 2.4608462972e-03
19.0000 2.4126709470e-03
19.1000 2.3655826304e-03
19.2000 2.3194331155e-03
19.3000 2.2742224022e-03
19.4000 2.2299999013e-03
19.5000 2.1866667915e-03
19.6000 2.1442724833e-03
19.7000 2.1027181556e-03
19.8000 2.0620532190e-03
19.9000 2.0222282629e-03
20.0000 1.9831938766e-03
20.1000 1.9449500602e-03
20.2000 1.9075462242e-03
20.3000 1.8708835474e-03
20.4000 1.8349620299e-03
20.5000 1.7997816716e-03
20.6000 1.7652930620e-03
20.7000 1.7314962009e-03
20.8000 1.6984404991e-03
20.9000 1.6660271353e-03
21.0000 1.6342561095e-03
21.1000 1.6031274217e-03
21.2000 1.5726410719e-03
21.3000 1.5427476495e-03
21.4000 1.5134471545e-03
21.5000 1.4847889975e-03
21.6000 1.4566743572e-03
21.7000 1.4291032337e-03
21.8000 1.4021250376e-03
21.9000 1.3756409477e-03
22.0000 1.3497497852e-03
22.1000 1.3243033181e-03
22.2000 1.2994003679e-03
22.3000 1.2749915238e-03
22.4000 1.2510767859e-03
22.5000 1.2276067435e-03
22.6000 1.2046308073e-03
22.7000 1.1820995666e-03
22.8000 1.1600624320e-03
22.9000 1.1383711718e-03
23.0000 1.1171246071e-03
23.1000 1.0963227380e-03
23.2000 1.0759161537e-03
23.3000 1.0559048544e-03
23.4000 1.0362888401e-03
23.5000 1.0170187000e-03
23.6000 9.9819325547e-04
23.7000 9.7966427464e-04
23.8000 9.6153057873e-04
23.9000 9.4374275713e-04
24.0000 9.2630080984e-04
24.1000 9.0920473686e-04
24.2000 8.9245453818e-04
24.3000 8.7600080320e-04
24.4000 8.5989294253e-04
24.5000 8.4408154555e-04
24.6000 8.2856661227e-04
24.7000 8.1334814268e-04
24.8000 7.9842613678e-04
24.9000 7.8380059457e-04
25.0000 7.6942210545e-04
25.1000 7.5534008001e-04
25.2000 7.4155451827e-04
25.3000 7.2796659899e-04
25.4000 7.1472455403e-04
25.5000 7.0168015152e-04
25.6000 6.8888280209e-04
25.7000 6.7633250574e-04
25.8000 6.6402926246e-04
25.9000 6.5197307227e-04
26.0000 6.4011452454e-04
26.1000 6.2850302988e-04
26.2000 6.1708917769e-04
26.3000 6.0592237857e-04
26.4000 5.9495322192e-04
26.5000 5.8418170773e-04
26.6000 5.7365724661e-04
26.7000 5.6328101734e-04
26.8000 5.5310243054e-04
26.9000 5.4312148620e-04
27.0000 5.3333818432e-04
27.1000 5.2375252490e-04
27.2000 5.1431509733e-04
27.3000 5.0507531222e-04
27.4000 4.9598375896e-04
27.5000 4.8708984816e-04
27.6000 4.7834911026e-04
27.7000 4.6977142740e-04
27.8000 4.6135679957e-04
27.9000 4.5309534465e-04
28.0000 4.4499200370e-04
28.1000 4.3703195354e-04
28.2000 4.2922507628e-04
28.3000 4.2156148981e-04
28.4000 4.1404119412e-04
28.5000 4.0665924815e-04
28.6000 3.9941565191e-04
28.7000 3.9230052327e-04
28.8000 3.8532374436e-04
28.9000 3.7847049198e-04
29.0000 3.7174570720e-04
29.1000 3.6514444896e-04
29.2000 3.5866177620e-04
29.3000 3.5230262998e-04
29.4000 3.4605712817e-04
29.5000 3.3993021184e-04
29.6000 3.3391199887e-04
29.7000 3.2800248925e-04
29.8000 3.2220662404e-04
29.9000 3.1651452113e-04
30.0000 3.1092618051e-04
30.1000 3.0543666112e-04
30.2000 3.0005090403e-04
30.3000 2.9476396816e-04
30.4000 2.8957091247e-04
30.5000 2.8447667801e-04
30.6000 2.7947138265e-04
30.7000 2.7455502640e-04
30.8000 2.6973255032e-04
30.9000 2.6499407229e-04
31.0000 2.6034453337e-04
31.1000 2.5577899249e-04
31.2000 2.5129250860e-04
31.3000 2.4689002275e-04
31.4000 2.4256659389e-04
31.5000 2.3832222201e-04
31.6000 2.3415690712e-04
31.7000 2.3006076709e-04
31.8000 2.2604368405e-04
31.9000 2.2209577587e-04
32.0000 2.1822198361e-04
32.1000 2.1441242515e-04
32.2000 2.1067698261e-04
32.3000 2.0700577387e-04
32.4000 2.0340374000e-04
32.5000 1.9986099886e-04
32.6000 1.9638743259e-04
32.7000 1.9297315906e-04
32.8000 1.8961817826e-04
32.9000 1.8632249020e-04
33.0000 1.8309103594e-04
33.1000 1.7991393336e-04
33.2000 1.7679612352e-04
33.3000 1.7373266536e-04
33.4000 1.7072355887e-04
33.5000 1.6776386300e-04
33.6000 1.6486345987e-04
33.7000 1.6201246735e-04
33.8000 1.5921088545e-04
33.9000 1.5645871416e-04
34.0000 1.5375595349e-04
34.1000 1.5110260343e-04
34.2000 1.4849372293e-04
34.3000 1.4593425305e-04
34.4000 1.4341925271e-04
34.5000 1.4094872194e-04
34.6000 1.3852266071e-04
34.7000 1.3613612798e-04
34.8000 1.3379406480e-04
34.9000 1.3149647118e-04
35.0000 1.2923346499e-04
35.1000 1.2701492835e-04
35.2000 1.2483592020e-04
35.3000 1.2269149949e-04
35.4000 1.2058660727e-04
35.5000 1.1852124354e-04
35.6000 1.1648552617e-04
35.7000 1.1449427837e-04
35.8000 1.1253267693e-04
35.9000 1.1060566292e-04
36.0000 1.0871323635e-04
36.1000 1.0685539720e-04
36.2000 1.0502720443e-04
36.3000 1.0323359908e-04
36.4000 1.0146964011e-04
36.5000 9.9735327501e-05
36.6000 9.8035602326e-05
36.7000 9.6365523520e-05
36.8000 9.4720150022e-05
36.9000 9.3104422893e-05
37.0000 9.1518342134e-05
37.1000 8.9961907744e-05
37.2000 8.8430178662e-05
37.3000 8.6928095949e-05
37.4000 8.5445777482e-05
37.5000 8.3993105385e-05
37.6000 8.2570079657e-05
37.7000 8.1166818175e-05
37.8000 7.9788262001e-05
37.9000 7.8434411134e-05
38.0000 7.7100324514e-05
38.1000 7.5795884264e-05
38.2000 7.4511208259e-05
38.3000 7.3246296501e-05
38.4000 7.2006090051e-05
38.5000 7.0785647846e-05
38.6000 6.9589910950e-05
38.7000 6.8413938300e-05
38.8000 6.7257729896e-05
38.9000 6.6116344676e-05
39.0000 6.4999664765e-05
39.1000 6.3902749099e-05
39.2000 6.2825597680e-05
39.3000 6.1763269446e-05
39.4000 6.0720705457e-05
39.5000 5.9697905715e-05
39.6000 5.8689929158e-05
39.7000 5.7701716847e-05
39.8000 5.6728327720e-05
39.9000 5.5774702840e-05
40.0000 5.4835901145e-05
40.1000 5.3911922634e-05
40.2000 5.3007708369e-05
40.3000 5.2113376227e-05
40.4000 5.1238808332e-05
40.5000 5.0379063621e-05
40.6000 4.9529201034e-05
40.7000 4.8699102693e-05
40.8000 4.7881357005e-05
40.9000 4.7077940396e-05
41.0000 4.6288358760e-05
41.1000 4.5512117989e-05
41.2000 4.4749218085e-05
41.3000 4.3999164941e-05
41.4000 4.3261958557e-05
41.5000 4.2537598933e-05
41.6000 4.1825591962e-05
41.7000 4.1125443540e-05
41.8000 4.0437647771e-05
41.9000 3.9761216445e-05
42.0000 3.9096643665e-05
42.1000 3.8443435328e-05
42.2000 3.7801097325e-05
42.3000 3.7169629659e-05
42.4000 3.6549032327e-05
42.5000 3.5939305331e-05
42.6000 3.5339460458e-05
42.7000 3.4749991815e-05
42.8000 3.4170405294e-05
42.9000 3.3601195003e-05
43.0000 3.3041372729e-05
43.1000 3.2490938472e-05
43.2000 3.1949892231e-05
43.3000 3.1417739902e-05
43.4000 3.0894975589e-05
43.5000 3.0381105187e-05
43.6000 2.9875634590e-05
43.7000 2.9379057904e-05
43.8000 2.8890881022e-05
43.9000 2.8410609839e-05
44.0000 2.7938738460e-05
44.1000 2.7474772780e-05
44.2000 2.7018712799e-05
44.3000 2.6570064409e-05
44.4000 2.6129321719e-05
44.5000 2.5695990620e-05
44.6000 2.5270071114e-05
44.7000 2.4851069094e-05
44.8000 2.4439478667e-05
44.9000 2.4034311619e-05
45.0000 2.3636556164e-05
45.1000 2.3245224089e-05
45.2000 2.2860315393e-05
45.3000 2.2481830078e-05
45.4000 2.2110262249e-05
45.5000 2.1744623694e-05
45.6000 2.1384914413e-05
45.7000 2.1031628512e-05
45.8000 2.0683777778e-05
45.9000 2.0342350425e-05
46.0000 2.0006358239e-05
46.1000 1.9676295327e-05
46.2000 1.9351173477e-05
46.3000 1.9031980900e-05
46.4000 1.8718223491e-05
46.5000 1.8409407144e-05
46.6000 1.8106025965e-05
46.7000 1.7807585847e-05
46.8000 1.7514086790e-05
46.9000 1.7225528795e-05
47.0000 1.6941911862e-05
47.1000 1.6663235990e-05
47.2000 1.6389007074e-05
47.3000 1.6119225113e-05
47.4000 1.5853890107e-05
47.5000 1.5593002057e-05
47.6000 1.5337055069e-05
47.7000 1.5084566823e-05
47.8000 1.4837019639e-05
47.9000 1.4592931198e-05
48.0000 1.4353289713e-05
48.1000 1.4117601077e-05
48.2000 1.3885865290e-05
48.3000 1.3658082352e-05
48.4000 1.3433758158e-05
48.5000 1.3213386812e-05
48.6000 1.2996968316e-05
48.7000 1.2784008563e-05
48.8000 1.2574507553e-05
48.9000 1.2368465286e-05
49.0000 1.2165387656e-05
49.1000 1.1966262875e-05
49.2000 1.1770596838e-05
49.3000 1.1577895437e-05
49.4000 1.1388158673e-05
49.5000 1.1201880653e-05
49.6000 1.1018567269e-05
49.7000 1.0838712628e-05
49.8000 1.0661328519e-05
49.9000 1.0486909046e-05
50.0000 1.0315454210e-05
50.1000 1.0146964011e-05
50.2000 9.9814384486e-06
50.3000 9.8183834172e-06
50.4000 9.6577989167e-06
50.5000 9.5001790531e-06
50.6000 9.3455238264e-06
50.7000 9.1928450243e-06
50.8000 9.0431308592e-06
50.9000 8.8953931186e-06
51.0000 8.7506200151e-06
51.1000 8.6078233361e-06
51.2000 8.4674971879e-06
51.3000 8.3296415705e-06
51.4000 8.1937623777e-06
51.5000 8.0603537157e-06
51.6000 7.9294155845e-06
51.7000 7.7999597718e-06
51.8000 7.6729744898e-06
51.9000 7.5484597386e-06
52.0000 7.4254273058e-06
52.1000 7.3048654039e-06
52.2000 7.1862799265e-06
52.3000 7.0691767677e-06
52.4000 6.9545441396e-06
52.5000 6.8413938300e-06
52.6000 6.7302199450e-06
52.7000 6.6210224846e-06
52.8000 6.5133073427e-06
52.9000 6.4075686254e-06
53.0000 6.3038063327e-06
53.1000 6.2015263585e-06
53.2000 6.1007287028e-06
53.3000 6.0019074717e-06
53.4000 5.9045685590e-06
53.5000 5.8087119648e-06
53.6000 5.7143376891e-06
53.7000 5.6219398380e-06
53.8000 5.5310243054e-06
53.9000 5.4410969851e-06
54.0000 5.3531460894e-06
54.1000 5.2666775122e-06
54.2000 5.1811971473e-06
54.3000 5.0971991008e-06
54.4000 5.0146833728e-06
54.5000 4.9336993739e-06
54.6000 4.8539012298e-06
54.7000 4.7753877617e-06
54.8000 4.6981589696e-06
54.9000 4.6222148535e-06
55.0000 4.5475060027e-06
55.1000 4.4740324174e-06
55.2000 4.4017446869e-06
55.3000 4.3306428111e-06
55.4000 4.2606773794e-06
55.5000 4.1918978026e-06
55.6000 4.1242052593e-06
55.7000 4.0576491601e-06
55.8000 3.9921800945e-06
55.9000 3.9277486518e-06
56.0000 3.8644042427e-06
56.1000 3.8020974565e-06
56.2000 3.7407788826e-06
56.3000 3.6804485210e-06
56.4000 3.6211557823e-06
56.5000 3.5628018453e-06
56.6000 3.5053867100e-06
56.7000 3.4489103765e-06
56.8000 3.3933728446e-06
56.9000 3.3387247038e-06
57.0000 3.2849659540e-06
57.1000 3.2320965954e-06
57.2000 3.1800672172e-06
57.3000 3.1288778195e-06
57.4000 3.0785778129e-06
57.5000 3.0290189655e-06
57.6000 2.9803000985e-06
57.7000 2.9324212120e-06
57.8000 2.8852834848e-06
57.9000 2.8388869168e-06
58.0000 2.7932809186e-06
58.1000 2.7483666691e-06
58.2000 2.7042429894e-06
58.3000 2.6608110583e-06
58.4000 2.6180708759e-06
58.5000 2.5760224420e-06
58.6000 2.5346657568e-06
58.7000 2.4940008202e-06
58.8000 2.4539782216e-06
58.9000 2.4145979610e-06
59.0000 2.3758600384e-06
59.1000 2.3377644538e-06
59.2000 2.3002617966e-06
59.3000 2.2634014774e-06
59.4000 2.2270846750e-06
59.5000 2.1914102105e-06
59.6000 2.1562792629e-06
59.7000 2.1217412426e-06
59.8000 2.0877467391e-06
59.9000 2.0542957524e-06
60.0000 2.0214376930e-06
60.1000 1.9890737398e-06
60.2000 1.9572038928e-06
60.3000 1.9258775625e-06
60.4000 1.8950453384e-06
60.5000 1.8647566311e-06
60.6000 1.8349126193e-06
60.7000 1.8055627137e-06
60.8000 1.7767069142e-06
60.9000 1.7482958102e-06
61.0000 1.7203294018e-06
61.1000 1.6928570996e-06
61.2000 1.6657800823e-06
61.3000 1.6391477605e-06
61.4000 1.6129601342e-06
61.5000 1.5872172035e-06
61.6000 1.5618695577e-06
61.7000 1.5369171969e-06
61.8000 1.5123601210e-06
61.9000 1.4882477406e-06
62.0000 1.4644812345e-06
62.1000 1.4411100133e-06
62.2000 1.4181340771e-06
62.3000 1.3955040152e-06
62.4000 1.3732198275e-06
62.5000 1.3513309249e-06
62.6000 1.3297878965e-06
62.7000 1.3085907424e-06
62.8000 1.2877394626e-06
62.9000 1.2671846466e-06
63.0000 1.2470251154e-06
63.1000 1.2271620480e-06
63.2000 1.2075954442e-06
63.3000 1.1883747148e-06
63.4000 1.1694504490e-06
63.5000 1.1508226469e-06
63.6000 1.1324913086e-06
63.7000 1.1144564339e-06
63.8000 1.0967180229e-06
63.9000 1.0792760756e-06
64.0000 1.0620811814e-06
